6.513500466859446725e+00
6.392096470327365942e+00
6.744721824448466130e+00
1.067980660880872712e+01
8.752395140077634750e+00
6.893204439899598412e+00
5.737774180405578406e+00
6.708670561276722566e+00
7.657578013077507961e+00
6.469701950751152175e+00
5.468515885406988630e+00
1.164346311956437319e+01
6.840015930445448866e+00
6.149719101778224228e+00
7.541253508907614922e+00
1.531200115862742983e+01
7.523875944375861025e+01
1.839213974934693496e+01
6.457494035458134718e+00
1.251432327657082766e+01
8.106957913067066812e+00
6.409210857386468341e+00
1.039701633448346740e+01
4.147002169245959990e+00
5.041481317817101626e+00
3.228247891377165057e+00
7.189000597965648609e+00
4.505236122996705284e+00
6.976621589073822349e+00
8.289166653507612281e+00
4.922347116529171451e+00
6.538579092460515163e+00
1.678829554385938394e+01
6.522415769350101478e+00
5.222356995724922513e+00
4.975931488348578569e+00
4.077476966502569411e+00
1.893468913322626435e+01
9.853008815806857612e+00
6.052298512093252647e+00
1.054715815821210434e+01
3.902784758577335111e+01
9.810802536588969502e+00
4.639374610599080739e+00
4.481353969920679248e+00
5.790137352098252421e+00
7.782560896882788626e+00
4.787584130196042231e+00
5.790021641432761434e+00
7.717489666505737311e+00
