9.259282565383070818e+00
4.583248133914077371e+00
3.126595827367935065e+00
3.815248304487305120e+00
8.570368601074530801e+00
8.263582921536110959e+00
4.682180189838986983e+00
6.036926325637693935e+00
6.387599268933048080e+00
6.714622826641936548e+00
7.361096685618981894e+00
5.103343955311028246e+00
6.031013593155071462e+00
7.715487021641864729e+00
7.806609663242753960e+00
6.903085745284228913e+00
5.980758644263100443e+00
7.965642766383101758e+00
5.403500242822479649e+00
2.275860736271177842e+01
1.875888861363912241e+01
1.117695842796211991e+01
7.146259404501540402e+00
4.700106859310150043e+00
1.234089203761529596e+01
6.858773002220586612e+00
9.050629420008110770e+00
5.399648782753827092e+00
8.638759815641593676e+00
4.988877263085614189e+00
4.398220900175018322e+00
7.217890022184577425e+00
7.018853211331504305e+00
8.461026578100536710e+00
6.787446593075941337e+00
5.799323869208413917e+00
3.612186236087534308e+00
6.463717515174852934e+00
5.853108789177686511e+00
5.547254012667854006e+00
5.143096650388123692e+00
2.010099196187976034e+01
5.076511451930775465e+00
9.743071891017130781e+00
3.287166194508454709e+01
7.689176342880033488e+00
6.333103409367418557e+00
8.280963878305987791e+00
1.119703208945563055e+01
8.867970586230514485e+00
