2.674715848168114363e+01
4.760686129416028756e+00
7.916938393146837782e+00
7.638774347724312186e+00
5.306307726906071665e+00
1.403933842389083608e+01
7.648240949954145051e+00
5.420205807028557032e+00
3.004641267152593542e+01
9.344574863015571609e+00
4.694294378808669066e+00
1.023956218362605419e+01
1.400751852802674691e+01
6.732804830608825064e+00
7.911641837182308734e+00
6.285567464656938164e+00
4.053052933564355698e+00
5.682025943101126586e+01
4.546964142344551263e+00
1.085554946781655588e+02
5.504808111486431343e+00
6.588340387046011770e+00
6.922886801743402430e+00
7.209010498341196893e+00
1.014881231136156714e+01
9.217753932904482639e+00
7.738881348373305435e+00
6.493690082680062758e+00
1.552396854324370068e+01
1.040624800914519277e+01
1.416745344292023034e+01
5.076505594572700453e+00
6.146769008356486097e+00
3.610284352513178696e+00
5.978612703609207379e+00
7.369945841557640875e+00
7.358426607482875248e+00
8.618355597165614057e+00
5.571068288189576556e+00
5.508900386847352948e+00
1.578750089831603987e+01
4.380174504472012131e+01
4.742911264744225086e+00
1.205395068368173561e+01
8.506108898916590277e+00
7.642698384256920718e+00
5.767308789594279617e+00
6.883916500732662591e+00
7.720009669595225610e+00
8.828495282224707807e+00
