7.057760725118805034e+00
7.792500524501160264e+00
4.943474364327628656e+00
6.514461530166389736e+00
1.074751207187118318e+01
8.908228286286906439e+00
6.492693635381057149e+00
1.343147441538354769e+01
4.986611000196604415e+00
6.687113398099574724e+00
5.836393172724093859e+00
9.917343056267327484e+00
6.851230158250394275e+00
5.759680525218989544e+00
6.806888792281790224e+00
6.409132215026740020e+00
2.627936653656364641e+01
1.072194298888828889e+01
7.599898697722653473e+00
5.909714880339230980e+00
6.499434708479433276e+00
1.608289582132179163e+01
1.274634985177411473e+01
7.675182324335517947e+00
5.343615264668465592e+00
5.990317974031117210e+00
6.083588218186208429e+00
9.551564413694007882e+00
3.635531219681182424e+00
7.487818144478654681e+00
1.115710109258500005e+01
6.860836422714729821e+00
6.752575303115921024e+00
4.995585178625129963e+00
7.467271407880838652e+00
9.580137495740803644e+00
4.285751984267714754e+00
7.799903569900244804e+00
6.214992944671315911e+00
6.681360997904031152e+00
1.049474445752867346e+01
8.871739161482945946e+00
5.975317330086857837e+00
5.968454768706209279e+00
5.113118023451248995e+00
7.795110715286402758e+00
5.359462348144617749e+00
4.975906816693671963e+00
7.898920235081730468e+00
7.382544166051582479e+00
