5.707498318840599438e+00
7.394257669655081244e+00
5.335492881278603328e+00
6.597189308492507287e+00
5.404814908292776998e+00
2.803187248219071837e+00
8.321951518839673767e+00
5.738248122453786237e+00
6.212586259605838102e+00
8.086751657349841693e+00
2.931549329306159279e+01
8.563779329081956604e+00
8.268913991543927366e+00
5.111639831400760059e+00
7.701828076819649205e+00
8.891528532448797151e+00
8.491337612983393512e+00
7.253487854530010992e+00
9.876262200308543626e+00
1.033419026021859111e+01
7.393125078109339832e+00
7.044449626320999691e+00
1.272337528448194810e+01
5.786927683464901051e+00
6.742683917155309459e+00
6.881113944654837056e+00
4.581726345512699972e+00
4.704610331925687206e+01
7.211060625649380107e+00
7.984693844859245715e+00
6.161241684644298111e+00
6.905994917382662912e+00
7.727588854448899980e+00
6.160988511991384087e+00
4.115185131638614102e+00
5.138820936449213228e+00
8.107148498170529294e+00
6.824958888967866066e+00
7.365373890742328733e+00
5.710944492887880308e+00
6.773611740494882127e+00
7.480565562998783946e+00
9.158121829866118446e+00
4.605368142778534235e+00
4.492094191886137899e+00
1.169568931906367304e+01
8.106698940496666950e+00
4.455896868053144999e+00
1.855510367098070290e+01
5.597265216963591250e+00
