6.226104268027150113e+00
8.430293981304700424e+00
2.033055676987423155e+01
7.475049863384452209e+00
6.393045940384150860e+00
9.498011930257018065e+00
7.115119576847221516e+00
7.064226022662226434e+00
4.777422778486490884e+00
8.538719848064216578e+00
4.467832574566746651e+00
2.330812012958375945e+01
6.830959946554191475e+00
7.695286529770346107e+00
1.017764395407960087e+01
5.737444110158588018e+00
8.139048956749874719e+00
5.472481563461675691e+00
4.426845234404069629e+00
5.872626423376646088e+00
9.049757688086209839e+00
4.699515066321183099e+00
5.299143967615349560e+00
9.999322606490677501e+00
5.912281525379105673e+00
4.804599905370486645e+00
1.251098876251724512e+01
1.802426958982070815e+01
6.064332691409688003e+00
2.272608882707799438e+01
7.504076317406237706e+00
7.111918524412784492e+00
2.364319669510699029e+01
4.967882130229632764e+00
4.942936943083335422e+00
3.876434476456602773e+00
8.040058488855260421e+00
5.025270241171424956e+00
1.304808531384505166e+01
6.911807551398099214e+00
4.307330329667343527e+00
7.558327858292794410e+00
5.599963112412580379e+00
3.015033392983961136e+01
7.213125043120392377e+00
5.353599441612442611e+00
8.865498317363890379e+00
5.411237261472736648e+00
6.066072821571708573e+00
6.807411394022069295e+00
