3.162198873588392356e+00
8.681107807964671963e+00
7.039762287219179626e+00
5.485888723919677190e+00
7.817766390292951506e+00
5.033976398925270601e+00
3.651511338311848220e+01
1.631385191020702408e+01
8.383463525744778266e+00
8.467753765124021115e+00
6.725740653859872964e+00
2.218854997382984706e+01
1.190355120135803624e+01
1.471107198675449546e+01
3.717062927257124727e+01
2.145699102883185105e+01
5.928524850128559009e+00
6.486606834708284808e+00
5.506580904452532010e+00
4.445857222900076344e+00
7.936988162861915441e+00
7.842923975582269058e+00
3.122271011947096397e+01
1.233288822052403511e+01
5.860720536764376654e+00
2.158959518801547972e+01
5.453697237318633206e+00
6.197098470720209917e+00
1.287637708184117358e+01
5.848260967071445826e+00
6.748894529352270411e+00
9.105791630275399839e+00
4.275112119479980599e+00
6.596201057293949788e+00
5.652142038251821710e+00
9.185609979053852570e+00
1.566847340769238883e+01
6.386708577564044198e+00
9.157789132226113793e+00
6.077472914991088437e+00
2.546556677243553946e+00
5.719716128877693428e+00
8.322056612423390121e+00
1.378913227139125297e+01
5.531405428219702713e+00
1.636921822083987976e+01
6.688783300383164487e+00
5.399479162674721167e+00
6.715584158569111395e+00
4.945251291588130371e+00
