9.201632066999103188e+00
8.883190618694834839e+00
1.649850719611280780e+01
1.070241305065655268e+01
8.083694230244438117e+00
9.800006942547810240e+00
7.403054423062883416e+00
1.134829494606945133e+01
6.815143469433253998e+00
4.259875526688782799e+01
4.467234641041673449e+00
5.989432842635388887e+00
6.470325246847421496e+00
7.137442347893306227e+00
6.175782926646539828e+00
1.811038189196012738e+01
8.588845448808056560e+00
9.007054729297300000e+00
6.444150632066270035e+00
1.105456788044563687e+01
5.218772744517222506e+00
6.739527467087094159e+00
1.029839649375316846e+01
1.138160333771733157e+01
6.779278921444511496e+00
7.979044609730285842e+00
1.212145663647928906e+01
8.045386292173128950e+00
8.366812357593891747e+00
8.008689012790428663e+00
6.493016472452381116e+00
3.633814481219228565e+00
6.187406008817206704e+00
7.487921192531715064e+00
8.457250283249083012e+00
5.256876172097566524e+00
4.729565382395708895e+00
8.644519868924858130e+00
5.121509809546311409e+00
4.119886200250512331e+00
1.650355689909155998e+01
5.351213094613855858e+00
8.490689452625383993e+00
1.675586488603675406e+01
6.662192042629096811e+00
1.659825919316820375e+01
2.154295541192865571e+01
8.259947395760516287e+00
5.729855327881548277e+00
8.209529520451473772e+00
