2.650901394869064021e+01
1.112168978682704612e+01
5.954264744080552063e+00
9.063732866989219872e+00
9.079272037214847657e+00
1.243347351872738926e+02
6.577982168880195601e+00
6.627070097070046906e+00
6.488091543744689993e+00
1.129730978755051218e+01
9.841710857215330677e+00
8.393390586881480431e+00
3.252305750724033828e+01
5.851536444027722439e+00
5.190362767074089945e+00
8.087381570903938055e+00
1.159594304151046984e+01
1.534046472897996694e+01
1.329358649067089893e+01
6.347349624596733797e+00
2.249750817390362201e+01
4.538231663886835854e+00
5.313857449834904934e+00
7.354476157058343233e+00
6.148792306075279157e+00
1.766773496875361715e+01
7.579608069750308985e+00
9.152992681841407574e+00
7.870961917669081487e+00
1.514778440228351108e+01
2.291580217509185857e+01
6.135937922931756106e+00
7.884048288536090077e+00
6.260178302106091053e+00
6.938086133388301491e+00
1.102014485653837284e+01
7.305860079144082420e+00
6.552576972128897559e+00
9.657541920723456741e+00
4.432760058544354287e+00
3.079555395576226928e+00
6.919100459756189814e+00
1.031618064155204628e+01
5.529062486439948287e+01
6.137961518114003923e+00
7.121991896904963149e+00
8.976389102369651596e+00
1.068483143363679844e+01
7.038871319593106968e+00
6.788558786864173911e+00
