6.097412832898123192e+00
5.903973367361524893e+00
1.264472062063321722e+01
5.232127957643424310e+00
9.917129480669812480e+00
1.161609727124334768e+01
2.197482326393115315e+01
1.587253735395873733e+01
1.257349493282875841e+01
4.579864822659674317e+00
5.482578398050693913e+00
1.400642369081148608e+01
5.324781393693776899e+00
1.990819725996061607e+01
4.235268583313004598e+00
6.143218902887602084e+00
1.187247112754054257e+01
4.760240142941152719e+00
5.226910805218285994e+00
8.406321294116080978e+00
7.012173544222327415e+00
1.567125808607559101e+01
6.076595131510122982e+00
1.307844173116699160e+01
8.680277791889636774e+00
1.157239495529533890e+01
1.161514000192148366e+01
1.070182655104881064e+01
6.882483499618143874e+00
3.722661352119075229e+00
3.271421562226434432e+00
1.445900594194751321e+01
9.506168743109917330e+00
8.014331146352590807e+00
6.620040375111827302e+00
6.340227834689262210e+00
1.215373429395884841e+01
4.414812827013865792e+00
4.448112936905874193e+01
5.071110324899512989e+01
6.730565545038836639e+00
6.228424360289881889e+00
7.258704865721917088e+00
1.832617069408643928e+01
9.284844348077912812e+00
3.615160412135831169e+00
4.571563020539640476e+00
5.774882366351956620e+00
7.556562417998265779e+00
7.217524496419740032e+00
