8.087057060994267133e+00
8.018275536884166499e+00
8.381982669666543373e+00
9.298749771183711488e+00
1.166960070655363246e+01
7.535506643855760522e+00
1.160523923425014736e+01
5.122607137434469493e+00
1.139718647582475342e+01
7.371201221907351275e+00
2.849541866446672955e+00
7.725801167789178692e+00
8.178922869010158081e+00
6.902784099856832611e+00
8.768879437295529655e+00
5.367897477008717999e+00
6.980771019160799007e+00
4.906110139306016471e+00
8.222433250602378507e+00
7.604617719330966530e+00
1.475253202278189946e+01
1.595684879381950338e+01
7.360830218254641011e+00
1.101731892037434335e+01
3.767614791654185780e+00
1.396675764408711018e+01
6.875683248776621959e+00
9.485047698710237896e+00
1.484575597817351778e+01
8.296508332808256725e+00
7.332363102070910799e+00
8.678436578924854317e+00
7.693438590963894264e+00
5.931578518881655882e+00
1.006229765773366047e+01
6.109950590878011845e+00
6.519926631695444286e+00
6.345524807081229568e+00
4.956016315176334786e+00
9.782085821738363052e+00
8.579647079062256765e+00
8.495272161187159554e+00
1.352845982319917262e+01
5.559567100266926687e+00
6.372102685212409412e+00
5.992610866166863559e+00
4.519012816341923866e+00
6.146974169602983373e+00
7.831283802814585471e+00
3.842932846168472416e+00
