1.446833921860275218e+01
7.886064382890723756e+00
1.151349132123769436e+01
6.958763480456349626e+00
6.931187289491466785e+00
5.706486737585997560e+00
8.161166430692134099e+00
6.461313556202663122e+00
2.022221001020361797e+01
7.863809971201658477e+00
7.937561877696134971e+00
7.550996025056880612e+00
1.301157984612319751e+01
5.480394350966522943e+00
7.173071760398183727e+00
7.013825432991695585e+00
1.053904985382467885e+01
7.091643949755296106e+00
7.215878885567071244e+00
5.421142894258901279e+00
6.890037975103258994e+00
7.731796436594542854e+00
5.046674211155750100e+00
8.292468249900403876e+00
9.773842748814951520e+00
4.650475958031939250e+00
6.509623264899230932e+00
4.468536630846377200e+00
5.509453312310786544e+01
1.790675031313733356e+01
4.875697079285568059e+00
7.935578012028351225e+00
4.396729408364363323e+00
5.179683737037247937e+00
9.713401113337889470e+00
6.554710033526964352e+00
8.056789998184248347e+00
7.169984101810503496e+00
5.013716433922173366e+00
1.003237883645221906e+01
4.210496688827779721e+00
6.869457138965382015e+00
9.599192676394526558e+00
6.152066231793832607e+00
9.706111174399110197e+00
5.113933747332909618e+00
1.108574870093942444e+01
1.652994077626478742e+01
1.571448680023005018e+01
2.071775806548692955e+01
