7.927278694982216045e+00
4.601192406296901183e+00
7.883268562585371342e+00
8.965626807900758166e+00
6.231561932545529814e+00
5.079450464181687863e+01
7.091328365130974198e+00
5.834274018805330364e+00
5.719805421794053046e+00
1.103744234364383914e+01
5.517036981023815123e+00
3.714613068380186345e+00
6.436409687692565385e+00
5.198736628848490859e+00
5.843137941104777688e+00
7.961032497494169746e+00
6.448091360966311747e+00
4.716287971924618461e+00
7.530053225983895260e+00
1.279415624812485675e+01
6.834679425671870590e+00
5.961084117383093961e+00
7.847483215576706250e+00
5.639051983040660687e+00
2.347741885988812172e+01
6.081108331699816461e+00
7.728151365929745609e+00
5.813103112118527704e+00
3.668686512934116450e+01
9.675382421699501023e+00
7.805665299306473237e+00
3.385349096763825116e+01
4.620015793161258877e+00
7.421703129658323128e+00
6.690316173946201594e+00
9.951540769570467404e+00
1.038080437360030039e+01
8.658869683975767728e+00
5.884581046356045064e+00
9.328424845960073597e+00
6.298118302248607137e+00
8.803299834702425386e+00
7.423554426576141729e+00
5.203595599210152578e+00
7.847375207917183459e+00
8.259416673690093802e+00
6.386111867348360782e+00
9.033713052885278927e+00
1.016312198455595173e+01
8.233615590913693438e+00
