8.258038731288722900e+00
4.942933059161841669e+01
3.289466083160140109e+00
1.121686170000378269e+01
8.137620237048565741e+00
3.559768656552776189e+00
9.042452264529277528e+00
1.823556537638250319e+00
5.261435709578905495e+00
1.323426937103180023e+01
7.625026965977310667e+00
1.225352449041271718e+01
9.576154851282703717e+00
1.311430630990320090e+01
8.919807861315131703e+00
6.277033250684580068e+00
7.269120539650503865e+00
7.743016775016087649e+00
8.324754028987058518e+00
9.603433136995178643e+00
5.365671847349364754e+00
6.565976517700982562e+00
6.119130467524068528e+00
4.173983594907811678e+00
1.090932828192953252e+01
5.136329867450379005e+00
4.644373630721323920e+00
4.876404681239483452e+00
4.395618947320387271e+00
1.238794563530561810e+01
8.680812445357693363e+00
5.699965788950450474e+00
8.536210563721445155e+00
6.365481049150794490e+00
8.159482846269051848e+00
7.139086431305656788e+00
4.372459710211247241e+00
7.726536301404614449e+00
6.585366684412868210e+00
3.359520242615548380e+00
1.236910090798206951e+01
1.302856357265639708e+01
1.656974784232304998e+01
9.546402945314893529e+00
8.654092529928943733e+00
8.518785374600653881e+00
6.387067038423075438e+00
5.353170502813118681e+00
5.494256431687513320e+00
4.679878320591136287e+00
