5.855971755595082762e+00
4.209057986323359479e+00
1.127486984426802330e+01
4.229434170997603815e+01
6.752928168521283858e+00
8.749734547288259279e+00
6.582050387843638717e+00
8.319284993719199051e+00
6.551893874320485089e+00
4.811100619264476741e+00
5.071900928320212998e+00
7.090225850230986282e+00
9.881908100087118285e+00
6.784588955984381720e+00
6.176235452091156652e+00
9.765110096390332117e+00
1.098743843930416730e+01
8.250854495193417293e+00
5.647926908237683286e+00
4.657935359381394136e+01
7.036259193828910519e+00
5.702748961424557450e+00
6.821705588747349225e+00
7.837181037028305930e+00
6.134531068411872567e+00
6.027077974828441320e+00
1.480652763046053089e+01
5.964492128583126274e+00
4.628047303653471722e+00
9.466208847787013880e+00
5.964191800009597699e+00
1.078881774391136261e+01
5.045983515943252229e+00
1.508284566648093517e+01
7.771687255734715194e+00
8.535891476459708471e+00
6.272407785819497761e+00
1.989225803126679892e+01
6.835326090362486617e+00
4.478049885171794919e+00
7.994999898272864058e+00
5.828430037470324621e+00
8.655598947948902833e+00
6.198009843962355880e+00
6.460507762633118212e+00
1.158411028614731997e+01
6.311902601717567229e+00
7.733443122820399473e+00
7.860385287255639675e+00
3.261115159961835985e+01
