8.009569028987710837e+00
1.088988626893381451e+01
4.528046541290385640e+00
5.989402767234450309e+00
6.530885398250664942e+00
1.809582823863954104e+01
2.039714180193754700e+01
8.857363720724347189e+00
3.659696805219650351e+00
1.653169776947151703e+01
4.791100777503345398e+00
7.562730821191828490e+00
5.376975813134791338e+00
5.352665058696037370e+00
9.298028180078119931e+00
7.132202573001004353e+00
4.995387264121734283e+00
8.782611179817333635e+00
1.005786286132788732e+01
6.579032690130762973e+00
4.474183622921566439e+01
1.394933752508519476e+01
4.431643374550352732e+00
1.055279119461402182e+01
1.560113450121964718e+01
2.445088214773505086e+01
6.766621649560897822e+01
1.378711908430039479e+01
7.730416359511284696e+00
8.074762045883254302e+00
1.320659067717195434e+01
1.989284466016719222e+01
6.428584963360310489e+00
1.030205061181682069e+01
5.434067768513835972e+01
6.695752830478421735e+00
6.287447924038318980e+00
1.023121546343922184e+01
6.579685009906206083e+00
8.544924084069231540e+00
6.898521122680179474e+00
8.803791573091173106e+00
9.984040650759693492e+00
4.662693401895999123e+00
9.778355250930495401e+00
6.560251145915084514e+00
8.198381825111269450e+00
6.289684169139791337e+00
1.988387635257699770e+01
8.118842827446153265e+00
