1.141760230897290640e+01
6.825987342039687711e+00
5.873929211222210789e+00
7.953710656800981660e+00
7.959750185182353555e+00
1.390613446345065185e+01
5.809316230668833292e+00
6.752863676149918781e+00
8.864188645003661549e+00
4.085947933779661412e+01
5.209542081704994665e+00
1.191162783917646983e+01
1.020787336007435542e+01
6.332022934367385503e+00
1.462830664299156069e+01
9.497527755169397068e+00
6.563759130837759415e+00
3.641721667282123320e+00
8.771977813286092385e+00
4.414216030193800933e+00
7.063477625636820356e+00
1.857068652119352947e+01
8.514575093940502271e+00
1.071442640819713077e+01
4.505332257015401964e+00
5.594435472790459052e+00
7.823735571339384798e+00
5.972448985294854573e+00
1.256338471057548212e+01
7.249023868011160943e+00
9.144671956148259895e+00
7.613038873789960803e+00
7.329682001355575238e+00
1.302933418246928809e+01
1.011354778537559262e+01
7.979589069652925026e+00
8.826498005474961772e+00
4.138716499138560323e+01
5.469609198877692258e+00
4.956278127267800038e+00
8.897130149983714986e+00
6.523709996971826186e+00
1.442489434217840127e+01
5.575608885605348064e+00
4.967027407959934138e+00
4.804197939610139301e+00
6.705108593073352274e+00
9.134082338483647590e+00
4.199117747370313403e+00
3.803468741078369852e+00
