8.743361695080528406e+00
3.018546961806506701e+01
8.347520160614859464e+00
6.677967623753042758e+00
4.931343249917170546e+00
1.587146358882330333e+01
3.977988816152139062e+00
5.644431960287034755e+00
8.216758826738239208e+00
3.389973381117669504e+01
9.533928491194604504e+00
7.696716326374812844e+00
2.824686669814535378e+01
1.000219709397417844e+01
4.793139451894661285e+00
6.440682087598047723e+00
6.158381100304754163e+00
3.202287463194501083e+00
1.226266821403828366e+01
2.433373503983959196e+01
8.329117262972287605e+00
9.133925552424511096e+00
4.577050669313575959e+00
7.165920557477302388e+00
5.337634493217320752e+00
1.383357415925248368e+01
8.012467440330153678e+00
7.970534899404459139e+00
1.043564577715191355e+01
4.252051770182288415e+00
5.612654073282554279e+00
6.741112249145320590e+00
1.259650805021258080e+01
7.663828605204400013e+00
8.277119083801919075e+00
5.516827833769807121e+00
7.119152996524396038e+00
6.362085492666793130e+00
7.039462169747031872e+00
4.906996776301005170e+00
6.784471729771390791e+00
4.356399644819468620e+00
6.273219261042894068e+00
5.095413363795657347e+00
1.018234908670186023e+01
8.092211227203385704e+00
7.329722793403802505e+00
1.160094603364114896e+01
8.685943311676236789e+00
5.347412463646494807e+00
