1.202054461030213872e+01
7.577752555277487367e+00
7.209042019030581727e+00
9.387599620106282572e+00
7.010981333002657578e+00
6.186186819152124095e+00
7.723139629348995783e+00
1.513440959639905259e+02
5.768125654758448206e+01
6.525176282921536952e+00
5.156409345949538370e+00
6.678512678466826280e+00
1.736130538223375552e+01
5.916517199604557220e+01
7.712469718098675209e+00
4.273326123910570828e+01
5.703721468443693432e+00
1.985895032774105573e+01
4.034405458980415915e+00
5.288579010645116263e+00
1.852641590226309276e+01
9.581919705594213355e+00
3.429307082920362237e+00
4.686529465292850638e+00
5.348019885906782456e+00
5.288311827422076838e+00
1.042272597621742847e+01
4.676988422713415083e+00
4.268969047683137674e+00
1.429221036422933899e+01
5.294347050572219437e+00
4.477053834873369276e+00
3.628753690638108598e+00
2.730776838572336374e+01
5.634949974498211667e+00
6.436473979536278200e+00
6.695303390462426840e+00
3.821362318689677462e+00
6.403514092767187194e+00
7.156621358482155415e+00
5.819847282658047405e+00
9.141826082948730559e+00
5.297714037129082065e+00
9.786547501574352381e+00
4.883444733404688876e+00
6.494057718558102543e+00
4.534980693714330435e+00
5.631521685106211095e+00
1.401789394296205415e+01
6.227302678272572223e+00
