1.216347735118124795e+01
5.873623321645532691e+00
1.298962037537187975e+01
4.893142839407796707e+00
6.426483039827014743e+00
5.495021588776466182e+00
7.420171486883731404e+00
5.081317885297257142e+00
5.497571024744585699e+00
8.150635057628038638e+00
6.696798907313239013e+00
9.193139535239915006e+00
6.184310023674406409e+00
6.579424395229889200e+00
7.217369736306914696e+00
7.405802434393605971e+00
5.106360687216541017e+00
6.244641374387567723e+00
1.281340311988228109e+01
6.383268048560255536e+00
1.154011017008710205e+01
1.120368557290257883e+01
6.809733099674785350e+00
1.039103275672374593e+01
7.781977690027671812e+00
6.930876802762601763e+00
6.534112703421515178e+00
4.574294752808202524e+00
5.221239966639792840e+00
6.195652895152139905e+00
6.520457885417778598e+00
6.754741675626836361e+00
6.804886763164163632e+00
1.143894534201301916e+01
1.007380184539711365e+01
7.641423340462242919e+00
6.687297941765560694e+00
9.279648679244761666e+00
5.596561077307989684e+00
3.871545199874729892e+00
1.834346330826944893e+01
9.472959973065471218e+00
1.142746586051658397e+01
8.395450067258355631e+00
4.972593124796797603e+00
6.721844414776441567e+00
9.143722755491181076e+00
5.761666611601483190e+00
7.617403660962337675e+00
5.449036781853265232e+00
