4.870883107092322639e+00
4.363271867051997432e+00
1.441821792378184419e+01
4.779630657830853835e+01
5.227324526284729878e+00
5.393553139308059130e+00
6.458722846217118452e+00
1.039908803248395408e+01
6.082774765531205219e+00
3.734685218458688283e+00
3.485404875655621737e+00
5.419352185012347611e+00
1.201873650823866235e+01
5.839748127019784185e+00
2.899440515407817553e+00
5.041905505251086161e+00
9.091726909720330596e+00
7.931159133806065853e+00
5.416761547555418943e+00
4.322470069970455597e+01
6.065205825308454202e+00
7.188851497054265849e+00
3.183290479254520022e+00
3.078340208704417158e+00
5.156907425347876384e+00
5.849698027088342300e+00
1.465496829482104246e+01
1.428553924194492808e+01
4.954004582778732235e+00
8.727014105306494685e+00
3.203826393230734482e+00
3.210062313301490722e+00
5.155589544456266715e+00
9.893659213548801290e+00
4.831042828400612166e+00
4.564296187040168817e+00
4.479119069460804958e+00
2.335789577106996617e+01
2.030853176942231109e+00
3.866778608590772048e+00
6.286864386656807469e+00
4.614112247566017899e+00
6.737249290076434249e+00
5.089774392415959525e+00
3.942149400413125004e+00
7.760548300231641328e+00
4.082883796398458109e+00
4.314447307202724957e+00
8.637861197496297549e+00
2.879777149571573247e+01
