6.842333477377477102e+00
4.902592889868077286e+00
3.948975152409602618e+00
6.025079814125787081e+00
6.175835257172239245e+00
6.644958335489818957e+00
6.821948376633995892e+00
1.062366523597605195e+01
4.065701113438516145e+00
8.133808042942686001e+00
4.189864404930628616e+00
8.522258825647254454e+00
4.300279341681849665e+00
6.499525900638198017e+00
5.593707024993557653e+00
3.210896584110649599e+00
3.103419216692249094e+01
6.184453089007409865e+00
4.971904243379242416e+00
4.023063334875302210e+00
4.223111244630961103e+00
1.388988081518881046e+01
7.285086532279456684e+00
7.027410421491615544e+00
4.718481695376877560e+00
4.487752212092054549e+00
4.704136296056748101e+00
6.847426686645661675e+00
6.743284265608968653e+00
4.995103143509961541e+00
5.948879890591507902e+00
4.226823997016693646e+00
4.344481602460717795e+00
3.562195760639896402e+00
3.270068077347800806e+00
4.006025707367450117e+00
4.639551889116774852e+00
4.509697885713888077e+00
4.284008972702173956e+00
6.996509352124199665e+00
9.091133756261919885e+00
4.062433285439146502e+00
4.609070508187381954e+00
3.575023679802423526e+00
3.901782901202394349e+00
6.989505939916465849e+00
5.035063313909641458e+00
4.724167223797230974e+00
5.376182152298771832e+00
7.072643560703355092e+00
