6.761667988566391507e+00
4.446694194867877314e+00
7.461395649008441211e+00
1.124747077843612786e+01
1.153249013590914807e+01
4.257101528419850567e+00
9.362303816505747278e+00
4.313590786925776577e+00
9.455090219434637788e+00
5.843438322828987452e+00
2.673126140612341217e+00
7.654096072298535169e+00
4.214757035669879137e+00
8.017893963999037865e+00
6.869698446920249779e+00
3.067408892389381414e+00
4.823069046759699496e+00
5.100260706658636956e+00
6.927379948343834748e+00
3.566680140338725824e+00
3.376491327134941400e+01
2.005909666822570969e+01
4.415896500440455341e+00
6.912935807523093779e+00
2.974056929336777788e+00
1.668563011049043610e+01
4.385350711088975117e+00
5.952171950929655786e+00
1.526038158633147113e+01
5.226669865943130766e+00
4.409120178323091110e+00
4.515299653609186059e+00
6.692223905383730020e+00
4.776080286252739171e+00
7.766604443085074472e+00
3.965464254408598954e+00
5.723440641146407160e+00
4.964567324865607922e+00
4.068494785755806475e+00
4.389526161636282175e+00
5.287859934161569520e+00
3.111148215018501695e+00
7.545325111535258422e+00
5.626043006827274873e+00
5.897183015547426521e+00
4.304764440610800769e+00
3.414665702356646459e+00
4.107903422090850576e+00
7.750595824570363668e+00
3.740417758895226097e+00
