5.896491546171159115e+00
3.929576547418332844e+00
4.872313640804017965e+00
4.624515249702623620e+00
5.493046562735695026e+00
6.135971393414219044e+00
7.471356964769084286e+00
5.691280477216674960e+00
3.715495303840858909e+00
1.228780331049124364e+01
2.929914997043418978e+01
8.707058116762894429e+00
6.970741463151036932e+00
4.397254241989772439e+00
4.959169132577720518e+00
5.352369601219821860e+00
5.224478601500191388e+00
4.465408067510888479e+00
5.963900508454382354e+00
4.634177536800680564e+00
8.503828415748277081e+00
6.153608370742015055e+00
1.206519754277988810e+01
1.165989999369852903e+01
2.958590837984440558e+00
3.470294815853226300e+00
3.708899856970999220e+00
3.482570830167184539e+01
5.031522359181068715e+00
1.148040077984707530e+01
2.684781065950183621e+00
6.655047708107614035e+00
3.962654591004066695e+00
5.166884847675470738e+00
4.789935206633304077e+00
1.453885432454569937e+01
5.275887345555275942e+00
6.105835917396721158e+00
4.925440698804806949e+00
4.673637453289935628e+00
8.817389267580663770e+00
5.066310920079861724e+00
4.408883135447917212e+00
3.956850773611249927e+00
6.892253527981484496e+00
1.148189146287864482e+01
5.512206837836250983e+00
4.211407764882364013e+00
1.730924817187521825e+01
4.373284078979851941e+00
