6.156478728632553299e+00
4.511713958390635604e+00
7.709506694199579790e+00
1.023793165221910328e+01
6.310096749353502510e+00
3.910657783928782294e+01
6.726585052877564586e+00
6.145757600123305409e+00
4.046978440267213095e+00
1.295984698934915080e+01
5.744600188694242604e+00
6.388353597213542123e+00
3.874794272048118771e+00
7.544014745464013849e+00
4.360399661273493876e+00
4.618391689054284655e+00
6.818536284399822733e+00
3.456131518666603952e+00
8.953813732240218926e+00
6.348556881106444116e+00
5.597315339131396783e+00
4.748744542370964439e+00
1.103883589064867721e+01
5.703288287009010915e+00
1.245864694473400114e+01
3.310371930988842859e+00
7.144106020260283962e+00
4.424291720308186626e+00
3.895015448852011986e+01
9.414103143806897833e+00
6.399133520783617080e+00
4.069333452446139177e+01
4.301851240775333096e+00
8.620871862635951288e+00
7.698303271543721849e+00
1.208189985693772250e+01
1.016860698592999412e+01
3.225472059046103457e+00
6.125146986311787778e+00
6.851463555701046815e+00
3.483627391553972164e+00
4.930571967378459597e+00
2.920986161166534423e+00
4.293295445771196484e+00
5.357913079484508678e+00
1.123495796630236576e+01
5.404622579599809740e+00
7.341715568454298513e+00
9.542351813367691449e+00
4.071315682237228728e+00
