6.021574160381478080e+00
4.321608728534593880e+00
1.197907666872989374e+01
4.623276788149194516e+00
3.973076022615201985e+00
4.640524028493516084e+00
4.399163799269373953e+00
4.599573477755260598e+00
3.446200057553058915e+00
7.779007367990413258e+00
4.533100810011805315e+00
2.639593219932971024e+01
4.349498341978302207e+00
5.038945928696264787e+00
1.085774904117927342e+01
4.706628146724142425e+00
3.570027792875796191e+00
5.373423231063220840e+00
4.805164607136486410e+00
4.651876407352268039e+00
6.309321028203977555e+00
5.161426721772288673e+00
3.774721219520381865e+00
7.960617512628836323e+00
4.859244622734495422e+00
5.805128374999876328e+00
8.801083828238777329e+00
2.216456551291094357e+01
3.744678144508073458e+00
2.744167325997597118e+01
4.968339293336748064e+00
3.828290753666643287e+00
1.440858632682942364e+01
4.603694915079001859e+00
4.125016349575592045e+00
2.644196664148014797e+00
6.546582472968351496e+00
5.162928851481554560e+00
1.123883846784171503e+01
5.454351894676914725e+00
3.264649346570112520e+00
6.338477382282922790e+00
5.396489164753105250e+00
5.173063071073228514e+01
4.119131082059147353e+00
5.466003828946178977e+00
2.023234623578666813e+01
5.062549421195289057e+00
4.567448828158426011e+00
6.965047260368530502e+00
