7.023814649359234608e+00
9.298292240293880795e+00
5.324056054597583021e+00
5.505735644448792598e+00
7.409319487387735492e+00
1.722724303946338154e+01
2.749162627724178876e+01
8.285118277989425906e+00
6.857719975234025434e+00
1.573502193262204862e+01
5.774373898698558882e+00
6.024231081782810193e+00
6.511948332056566535e+00
3.615352978223190128e+00
5.240296441894098045e+00
4.636935871511840723e+00
3.595404720621015127e+00
5.821672569052074309e+00
6.124666659425177073e+00
5.354548401703356220e+00
3.157598232854199694e+01
1.098220932425564733e+01
5.389616884891933246e+00
4.542103092724084412e+00
1.730432174037018100e+01
3.492854609799328358e+01
5.522530896555257840e+01
1.066624727629311309e+01
4.471778368007322868e+00
5.919726394991015717e+00
3.447158079355780558e+00
2.716215809442541840e+01
5.712719429684433692e+00
1.186484069030567845e+01
4.387478502988270179e+01
3.870366027800693054e+00
4.974413235152908896e+00
1.439768917279326921e+01
3.511090717479839363e+00
6.327862416921608002e+00
5.496394174341395100e+00
7.276425173424303949e+00
1.142411761947928284e+01
3.970600972642629234e+00
6.277778846381476541e+00
5.485067174597375583e+00
1.194487129805047587e+01
4.334814989035558952e+00
2.191311957317551062e+01
7.147688651339712429e+00
