1.090906006089501545e+01
3.632061067332779558e+00
1.953595619777181014e+01
5.051641149924433805e+00
7.921184124886016420e+00
2.722078197902619845e+00
4.492020523868230697e+00
4.789232515288867731e+00
5.694947697045900092e+00
4.115188731730594185e+00
8.015732295364347948e+00
7.098422320945783071e+00
5.844083248030182531e+00
4.256283760196289734e+00
5.356986964648555727e+00
6.269176786089655451e+00
9.647652845048378722e+00
5.353081354836288774e+00
4.464375058756507642e+00
5.327899369656094564e+00
4.500918314972785161e+00
1.055190272132714924e+01
6.716916554248663296e+00
1.063441303025789786e+01
3.772046534916768223e+00
4.497779418953125052e+00
5.183595420858099878e+00
4.934659637830599799e+00
6.597140891393321382e+00
5.060908065702397707e+00
5.516318684387807814e+00
4.877530726384567750e+00
7.535513514273574742e+00
9.448579845605184602e+00
1.007429435640821858e+01
5.722212267713266520e+00
4.086154816851167659e+00
4.330228209986089816e+00
5.035933229187245175e+00
2.835217115972955781e+00
1.713546391964478133e+01
5.280821675290712669e+00
7.982923506960431403e+00
5.873326812117001694e+00
4.705890178461032747e+00
4.754997627649775183e+00
4.163935611405206849e+00
2.670130426946584201e+00
4.787862727605260105e+00
5.775115607062734746e+00
