1.351239793080041096e+01
6.110155096462795754e+00
7.031739024167431573e+00
6.595127400199666035e+00
5.810444407300956016e+00
7.601023868604789513e+00
6.317032597130725513e+00
1.021932997019391962e+02
6.668746836603779116e+01
5.469401361401444284e+00
5.328039330632061699e+00
5.603121480879609706e+00
1.968110225441632366e+01
4.054379291996951906e+01
4.164721222047391258e+00
4.358669056729780067e+01
6.220696627315382088e+00
1.890245001691982907e+01
4.238027376844303085e+00
4.703580226583992996e+00
1.973558869476345734e+01
2.603955906765175854e+00
4.946320986490391647e+00
5.727509550536805882e+00
4.361165148651477530e+00
5.355733504436225090e+00
4.659175550111890551e+00
3.814450774866667615e+00
4.694202195054572258e+00
1.216991688983563158e+01
6.264441868114740686e+00
4.678804555145800848e+00
4.483075895789671250e+00
2.351845987652434289e+01
4.917116484808255805e+00
5.028220848994208403e+00
7.682073519650076676e+00
4.493241130073085898e+00
6.430409698660171536e+00
5.305187282984447528e+00
2.824241083378983941e+00
3.864726181112478454e+00
4.078151024635292110e+00
6.668063335993081431e+00
5.032898355186907757e+00
7.054753973896370489e+00
3.777515968695338344e+00
6.363078162983095254e+00
5.891339859913026444e+00
7.565511598729086629e+00
