3.097874301796148977e+00
4.592081232511783462e+00
3.136633588879277124e+00
7.348384490348114362e+00
4.000666394777011803e+00
8.879183797013450175e+00
6.763767860487326367e+00
4.815633265856533285e+00
6.376018046392742278e+00
3.127750263092602623e+01
4.497891995724447867e+00
1.251604732733238023e+01
7.715161562674603069e+00
3.899029271525210838e+00
1.654119963039903496e+01
5.669017411414882801e+00
4.777508387202621165e+00
4.283874093519720816e+00
5.651156797220269645e+00
6.621586087306608803e+00
5.053499391787337203e+00
2.244839359466583417e+01
5.081824856175300553e+00
1.228688665120056811e+01
5.641240220647215864e+00
3.544846291630475932e+00
4.883132167176844618e+00
4.444019163037650877e+00
1.862992322558033820e+01
6.732049535664564210e+00
9.603310955469543941e+00
6.442289354225751552e+00
5.222060593155147146e+00
7.109019208715413818e+00
1.309888823322427776e+01
7.327208928202412430e+00
7.874755753993349039e+00
4.712481337216362931e+01
4.182389633278713603e+00
4.546416438992147313e+00
1.109229121292875497e+01
6.473844146915992859e+00
1.368439785612929960e+01
3.608380678931969232e+00
3.797367680789985211e+00
4.318921883425311137e+00
5.300204556475264006e+00
1.270407373856816591e+01
4.332249691972731576e+00
3.643299894746685474e+00
