4.767895268439245271e+00
2.520856955596764593e+00
3.039419516358304207e+00
3.630056027250825323e+00
3.987922729338885475e+00
8.607079705934008729e+00
3.876860037607710474e+00
5.316319836881292282e+00
3.386316292200588496e+00
8.046742336848428323e+00
5.389008161037418532e+00
4.889594529847117954e+00
3.185695326942513450e+00
5.708787371036573965e+00
6.021618761148340049e+00
4.592170785410028877e+00
6.705222008324244420e+00
7.131351445914301479e+00
5.086375730989071364e+00
2.427196208883806250e+01
2.008673317174262607e+01
4.944732671887190456e+00
4.509632090538927329e+00
4.408112719692338644e+00
1.294553597752907237e+01
6.785836730018399265e+00
8.064261897917724298e+00
5.031395834373403098e+00
5.725957155942134058e+00
4.156265339913555401e+00
4.608138787920884383e+00
4.251218332619561835e+00
7.155811128820890765e+00
4.781389203995705550e+00
5.386600636947308729e+00
3.853497070280034187e+00
4.632066813764455837e+00
6.714205990053300432e+00
4.566545186761220343e+00
7.051183474480188451e+00
4.838893935069045860e+00
1.902234101668076249e+01
3.619348594463159152e+00
7.748110743011610957e+00
2.959822453274659182e+01
1.058530747023345064e+01
8.705258413098251324e+00
7.180614514780949698e+00
5.757737777830361559e+00
6.498274177021018616e+00
