5.826591754827604497e+00
3.049111666631603867e+01
6.421195220194094055e+00
4.138655570303861886e+00
4.133442952235146350e+00
1.791175802751467216e+01
4.795344987448497243e+00
4.483721897128372547e+00
5.781020959604550313e+00
2.911178816880044806e+01
9.371790487365371902e+00
4.961461429174106819e+00
2.639945113650229658e+01
5.168591123285303901e+00
4.331908689300689730e+00
5.257058516166392081e+00
4.307817172152375917e+00
4.746891955684890085e+00
7.088889301662884890e+00
2.163820529907600232e+01
4.467684495363591246e+00
9.883109317658615112e+00
4.217566942420340581e+00
6.147099348660954199e+00
3.834768482091822417e+00
4.401385069218818558e+00
7.384190708051293406e+00
5.754215743005523187e+00
5.856721591004768079e+00
4.673018814998744830e+00
2.991694850194725142e+00
5.547312710594901830e+00
1.265643831637570393e+01
3.194947176729905358e+00
6.049312052418491348e+00
5.806301037641802942e+00
7.032360483264011641e+00
5.863156690115942204e+00
6.378941344689284421e+00
2.978551365228540249e+00
4.642822625869890807e+00
7.977512846367968535e+00
2.939509442311560861e+00
3.929535274736043693e+00
9.913070675290375888e+00
5.230696332030425388e+00
4.078336311057133123e+00
1.325209917811139171e+01
8.906222559007694883e+00
4.543285302120626312e+00
