5.584902745007967795e+00
7.039985792532165831e+00
5.303495616579167127e+00
5.555896856956035634e+00
6.372571558271886261e+00
5.568597237097003827e+00
3.371208684366710173e+01
9.977043055048849141e+00
4.360693554319218457e+00
1.058872005937205252e+01
6.535607953917797808e+00
1.716476001352264547e+01
8.082719927663145398e+00
1.809624686447024189e+01
2.798428134812534296e+01
1.830720320794733524e+01
8.539925245560240796e+00
5.110069680790772395e+00
6.781031326056987218e+00
4.673154817017284302e+00
7.692815724163194702e+00
5.043199918944990756e+00
2.748722196059553724e+01
1.196366258717442044e+01
4.608415926838469012e+00
1.623755098050239098e+01
4.422983603268658470e+00
3.722820933260656773e+00
7.409643226079398737e+00
4.997240018780123805e+00
5.399879972059125066e+00
1.330733453920318077e+01
3.439356548132235236e+00
6.544106508679597312e+00
4.569152264313330214e+00
8.716413975955774163e+00
2.043728490081043248e+01
4.352589942141354307e+00
4.334855924312766895e+00
4.739103493112579280e+00
1.182140940926198880e+01
3.640171178986462586e+00
5.933358992746244454e+00
9.496397579251485865e+00
4.249366932229858840e+00
4.373117332472101992e+00
4.954418184201167641e+00
4.594003481890811535e+00
4.612314597050752418e+00
4.586695975353074495e+00
