5.303267541387719497e+00
3.603447337158815156e+00
3.761992519809499669e+00
5.540821531513694609e+00
5.250220193444834038e+00
6.180791621866862151e+00
5.267855529413765225e+00
9.183310475977986442e+00
5.550339579631553555e+00
3.864116061069945207e+00
2.543446924433026890e+00
1.013662697430967263e+01
3.749170149523874507e+00
4.855043755508241965e+00
3.487428087402395960e+00
1.339902009814089290e+01
6.778388814955387431e+01
1.298533518015237931e+01
4.567880709313472565e+00
1.202641631481107254e+01
7.942904209362567691e+00
4.978480662532611234e+00
7.450236269711782100e+00
3.041724555980052980e+00
3.738751544959476814e+00
7.191736000925075700e+00
9.206093036584690026e+00
4.071275213850609198e+00
5.150052776138402066e+00
2.992126808540987781e+00
3.300979482392750519e+00
4.700843714075895186e+00
1.606120039084865070e+01
4.795824408226298630e+00
3.931212766867316688e+00
3.259126299350213252e+00
4.610130039540489832e+00
1.275322664559272390e+01
5.052016360157706387e+00
4.090129058213221924e+00
6.132776408259474010e+00
4.896666181637995408e+01
6.385343188246548785e+00
1.492191597257175495e+01
3.305069038384194968e+00
3.943976164477023261e+00
5.300953219420665441e+00
4.115281948944192969e+00
6.052380337389702269e+00
6.030888561322488073e+00
