1.860575733826107125e+01
3.941187201152064556e+00
1.534490474694160156e+01
5.375334526961335513e+00
5.566762061429945341e+00
9.031762069315309560e+00
5.590728655712614348e+00
5.308572538360399662e+00
2.830357315815371066e+01
2.109613262959701974e+00
8.539895901745955697e+00
5.924181335214323774e+00
9.137796079181923048e+00
3.823961678601909497e+00
4.606023133073898990e+00
3.609188948642955364e+00
1.061550158296463664e+01
5.512390447261664050e+00
1.031372709733596693e+01
4.477792514928299106e+00
6.292979891051875718e+00
4.935352812979085790e+00
3.307117616562594176e+00
8.868441894863261510e+00
7.126220048034851651e+00
2.064574582621530041e+00
4.464182707329134914e+00
3.653790483006797984e+00
3.842025867604254330e+01
1.468950087473776023e+01
4.699360671970817194e+00
4.926088641558256320e+00
5.998620161994642430e+00
5.174170383596593759e+00
5.535314687375654685e+00
4.593801465871715450e+00
3.994540424840300918e+00
5.571914650802728630e+00
6.239597678297855055e+00
4.225940688739021844e+00
3.783638625454676774e+00
4.199470407168372610e+00
8.679764431161432370e+00
8.680929667107559311e+00
6.776532488566901158e+00
8.420332230489542269e+00
5.347458676783520382e+00
1.543849989291974900e+01
4.985806634704595730e+00
1.514331315365104835e+01
