2.545498044087846523e+01
4.576745454959652015e+00
6.004997442440584976e+00
4.901254455639908691e+00
3.774752739159914050e+00
1.261246610653910771e+01
6.570840287190740980e+00
4.717416004616751479e+00
4.087791271134963011e+01
5.901910037966440647e+00
3.047320385011054178e+00
4.907150315715406386e+00
1.288522390607384516e+01
6.940683975579235110e+00
4.850408071833825829e+00
4.882551388021874494e+00
3.900232277691377369e+00
5.427941985295664296e+01
4.142315871223080315e+00
9.289626501947209647e+01
4.647049649743427935e+00
5.093321256262731467e+00
4.622585835561753065e+00
4.442401150742849580e+00
6.116798094000102992e+00
4.706541795038341469e+00
8.667085999247785111e+00
5.075532249667041640e+00
1.777145229280790062e+01
5.758941214091790606e+00
7.642395491053193268e+00
4.055868606822240707e+00
4.981612957670368935e+00
3.755644135055439925e+00
7.185480063684122065e+00
2.100662281197259063e+00
4.869338856868041354e+00
1.200920725928816957e+01
3.701279863434896011e+00
5.015335417719375855e+00
1.375304980923529286e+01
3.930095568295883623e+01
3.643624470097484025e+00
1.394482044776965779e+01
4.610487578840392509e+00
7.200045546901693960e+00
5.056040939827044944e+00
5.195553206978793526e+00
6.071460816531806692e+00
6.973007774761790678e+00
