3.098764068147414008e+01
1.207684261760382860e+01
4.091998403799699702e+00
5.123454746358416578e+00
8.922695274013522138e+00
6.839517889826025510e+01
4.334108195548791898e+00
5.067619126043889644e+00
6.052553827640294593e+00
1.044305231691103941e+01
1.155803275971330635e+01
9.958159102581010558e+00
3.069654019481259155e+01
3.691406567803726446e+00
4.430788094035436941e+00
5.824420047780027865e+00
1.103673856494257599e+01
1.824084674983613041e+01
8.840323604600470730e+00
5.474365812829057099e+00
2.690499807735531945e+01
4.845613369122058423e+00
4.226083982826475349e+00
5.035828497338793674e+00
6.280745800334053719e+00
1.286646257871373145e+01
4.988422178758805003e+00
6.462329681669723769e+00
4.417575864052706081e+00
1.368876047674910801e+01
2.040950876357999277e+01
6.240531317342949080e+00
6.173396853496507575e+00
6.038992391737917131e+00
3.981589791095038411e+00
6.009092401899762237e+00
4.040355033747920821e+00
3.073291721667806176e+00
1.076779694665009579e+01
5.746732783445112069e+00
5.992147506890139752e+00
4.198054589253062296e+00
9.939005898152259988e+00
4.940589272796830045e+01
4.610607005385710444e+00
4.491158909767169582e+00
7.936838699155133625e+00
5.524415488280981279e+00
4.814969442178759884e+00
3.536165612566868344e+00
