7.940131234560758422e+00
8.793809193521587630e+00
1.254417405156410759e+01
5.683358044266332065e+00
4.869265485940989180e+00
5.283010380466912181e+00
1.556724250539605769e+01
6.413061199353034425e+00
3.573002472961007925e+00
1.085076612318460931e+01
6.272127729939162677e+00
8.783252540869925795e+00
4.753442191486240809e+00
9.691069624856785580e+00
5.361052713642220802e+00
4.850925782034523515e+00
5.172736842659769074e+00
6.770385403004132385e+00
5.829181812518372752e+00
8.279865330130430578e+00
3.988972649143774696e+00
9.806650503048263801e+00
4.595513548966068562e+00
1.937215307095551964e+01
8.077010549716332477e+00
4.907131396448423999e+00
3.794750658881451688e+00
4.993180984246889054e+00
4.309378380602928438e+00
5.734808615284489264e+00
4.046688397700858530e+00
3.986131957099870782e+00
5.979008236148353639e+00
4.852414723985632783e+00
7.059821848907253283e+00
5.293951613297330105e+00
3.047399660805784727e+00
7.334584973309496547e+00
9.557800679794562271e+00
5.361775235242879134e+00
1.404507062015900942e+01
8.937986208667247467e+00
1.153019360699500417e+01
6.968653395664527572e+00
7.544843378600838868e+00
9.671456486140986186e+00
4.665847284685685992e+00
6.651327440329432683e+00
2.777817512461602245e+00
3.534738393684091040e+00
