4.996231536355423053e+00
8.782861579621380699e+00
7.142161797732216044e+00
1.268225715011007892e+01
5.474487492105758690e+00
6.875045959653365735e+00
5.348673914628568227e+00
2.180489647041853374e+01
4.823982130313570593e+00
3.527672502040483948e+01
5.915925452229038761e+00
5.325369405538947554e+00
5.053608171392516724e+00
4.494480216257731975e+00
7.233872901639999853e+00
1.639850630585856450e+01
5.737706941730239762e+00
5.813090703385896951e+00
4.070024810462994580e+00
8.470109555293667825e+00
3.621187306905307324e+00
5.302858579810028949e+00
5.188881053870910698e+00
1.218782681402347201e+01
3.911017914641016446e+00
5.018562270857579222e+00
1.141938614160971177e+01
3.641499563858071387e+00
9.195753377418151686e+00
7.781043882244275345e+00
5.103312738965423812e+00
2.772078173836896475e+00
4.786955778064858613e+00
7.991488793588069406e+00
7.115075460611978819e+00
5.361870016993896648e+00
3.342053340297772568e+00
6.240036846834333240e+00
4.877517505152406230e+00
3.709886805379086994e+00
1.824096527628060471e+01
5.769115953597442115e+00
4.233922063073658926e+00
1.419458483738076993e+01
5.539977628810884624e+00
1.215521627211555433e+01
1.972068216082535841e+01
3.822344750653095868e+00
3.928306751079543968e+00
3.776635704659422110e+00
