7.085238708653413653e+00
3.197152067982020451e+00
2.645334026014823259e+00
3.996566063638137045e+00
1.263377725517528916e+01
1.585574840411796416e+01
2.607417217119597197e+01
1.200213759233948352e+01
5.860165713077272187e+00
4.509175145027010778e+00
4.143242395067726846e+00
5.610406338938152437e+00
8.670926500701176209e+00
1.275828621560335030e+01
2.324267668981619295e+00
7.564974494663048610e+00
1.359728116638742534e+01
5.355104376159196100e+00
4.757899041122072958e+00
5.539980286755932681e+00
5.237234544073929854e+00
1.800277976550466974e+01
4.672472144721663945e+00
1.304751455585088138e+01
5.531640924130434733e+00
8.178223459747414381e+00
3.927031724940978741e+00
1.133594525857440161e+01
4.005350827856782203e+00
3.513699529098547991e+00
2.816629563761363642e+00
1.333355377543712450e+01
5.166582543478321909e+00
5.474991555583188507e+00
4.509940036417072307e+00
5.178737022049709537e+00
1.277255764729858356e+01
2.926542856416791683e+00
4.631231026302963016e+01
6.047230921436957374e+01
9.907518450344316108e+00
5.162924349666416113e+00
5.893344902259301854e+00
1.763574341446784999e+01
8.792292112586173047e+00
6.446256393470792823e+00
5.171307972963757216e+00
4.088629023308088861e+00
7.455565324022122908e+00
5.476955162755758444e+00
