3.095341915476203098e+01
5.410931178569530431e+00
1.344905224662662846e+01
1.003297559008897899e+01
6.545618089522346139e+00
2.338476278217597581e+01
7.050118232714607913e+00
7.455298005967937236e+00
4.491485377589745553e+01
5.864476419266614116e+00
6.343460160011993310e+00
7.553689205031095533e+00
1.098610456949613123e+01
9.299156772097250112e+00
3.579641087216058004e+00
5.811952774846903758e+00
4.754708758903892551e+00
8.335338626741462065e+01
5.995413059791268040e+00
1.691272898569858683e+02
5.445142636999741548e+00
7.187109124969989438e+00
6.816773283715138021e+00
4.848361921198411473e+00
6.319998543001220881e+00
7.424726482332260957e+00
1.231531641805628041e+01
7.909696011819136174e+00
1.569972833254695566e+01
1.079736656461271949e+01
1.340223055107087902e+01
5.793424959019437104e+00
8.165043780081504110e+00
5.538520306501921731e+00
6.437000097506063945e+00
5.203729962004101317e+00
5.055091772714130016e+00
9.689887026976514051e+00
4.995130144127350569e+00
5.309641852980452548e+00
2.945667575471415844e+01
3.614726040664201179e+01
4.430380050583195839e+00
1.150351859039699676e+01
8.292918166559783089e+00
8.338731746034218517e+00
7.098462739105718455e+00
1.030128797794080775e+01
7.177274728224098510e+00
8.782978400710842237e+00
