5.486321171975779620e+00
4.974909123715226755e+00
1.691522293092794271e+01
5.093761342041565854e+01
6.363472603241122627e+00
6.546123171622113546e+00
7.201792844265592741e+00
8.773636625530418343e+00
7.485006726219136652e+00
4.095032052507449727e+00
4.914216801777049781e+00
6.008159591472417738e+00
1.270756349769846238e+01
6.763346126653323687e+00
4.579400646146022602e+00
7.238414174782261234e+00
8.710488606780142362e+00
9.280707801142609625e+00
4.637800927155550035e+00
7.770636021294512830e+01
5.670787808494282878e+00
9.435541535408793479e+00
6.624564013984513444e+00
4.413722108296720847e+00
8.250312960721366551e+00
7.455921713142077856e+00
2.849678671383682271e+01
1.543939447305868740e+01
4.845000141202946864e+00
1.038545442991128631e+01
4.338675231646449859e+00
4.596573691088170932e+00
5.809336891439461859e+00
1.556993167554499991e+01
8.618214027401675636e+00
7.923064193768118990e+00
5.045653461476618418e+00
2.544990540624285913e+01
5.634142288090704831e+00
4.757297341418039949e+00
5.708823304835475732e+00
5.408259727125721561e+00
1.146637938308355409e+01
4.322072378009869986e+00
8.151137732214264631e+00
1.430240486000394107e+01
9.428678824121028867e+00
6.279367739993539921e+00
8.588768614673945478e+00
4.314818451209536931e+01
