9.059983798950984379e+00
1.223006972232294842e+01
4.436371755273460060e+00
7.342844016616257186e+00
1.205755236249520479e+01
1.829333626624034537e+01
3.294473758488447146e+01
9.012362633804544387e+00
6.374935995848781900e+00
2.239538607443493845e+01
7.485424266894841416e+00
9.680145188613220597e+00
6.336406530895242639e+00
4.781490130144625539e+00
4.858336526766483310e+00
5.619347134552930001e+00
5.124743743984242705e+00
6.354800622349877415e+00
8.489808717441171382e+00
5.121341507321828246e+00
7.875953274699375584e+01
1.756383275781788456e+01
4.290996081614773416e+00
8.314089308623834995e+00
2.727258274861545218e+01
3.469969409259034165e+01
7.588448072857610782e+01
1.273369691409853388e+01
8.450317162321704600e+00
8.672099856948179308e+00
5.553113708889723554e+00
3.585636462363168420e+01
7.828506528837613665e+00
1.282633588926702473e+01
5.600088196737167578e+01
4.516460813571492316e+00
6.794067637891515687e+00
1.812768476706570198e+01
7.111645146395105144e+00
8.905330173653959847e+00
8.366171296340919383e+00
1.209307124459633620e+01
1.492709003036321391e+01
5.111296966999292479e+00
8.762118367194020152e+00
5.959142145653054001e+00
1.647248456041048925e+01
6.298588462416247147e+00
2.869743209458026101e+01
7.265687529351143148e+00
