6.114735155789852605e+00
4.047340733090958764e+00
1.048609833677567238e+01
5.499598274814954557e+00
1.027440510313521571e+01
2.090798805299252550e+01
4.925026232829227979e+01
2.709054804951840012e+01
6.127837113424345006e+00
4.140641393670170700e+00
6.128630415834622980e+00
1.104075734157271604e+01
8.910026473688885673e+00
2.828672116672248649e+01
3.730715246781164840e+00
6.865062882319286075e+00
1.950201082728577262e+01
5.876862839467973387e+00
3.965172464332445301e+00
1.357214395913406157e+01
4.874825493607344740e+00
1.950415909429952066e+01
6.648255102320276499e+00
1.399818903485978616e+01
8.382391225320208861e+00
2.018881799948182021e+01
5.109230450690143144e+00
1.032258456230639965e+01
4.871286399777548404e+00
9.140004346314213990e+00
3.627804931296819024e+00
2.665338642126681279e+01
6.620848771570636337e+00
5.975880024731231366e+00
5.047931782764786490e+00
5.813711714000708852e+00
1.336360842013587913e+01
5.519750515317141115e+00
7.368697658118435356e+01
8.518434580303677706e+01
1.001176424262233411e+01
5.407136509720088746e+00
5.270363299778450639e+00
2.048182628706850039e+01
1.024830541655232707e+01
4.199688085235405488e+00
5.322906979295346730e+00
4.840668294582306963e+00
7.031021028554097718e+00
6.743144647499404343e+00
