4.942989950584411041e+00
9.914288598298560018e+00
6.838064604906764821e+00
5.164833913411944977e+00
7.600478359653930482e+00
7.369742618875567253e+00
4.455051758816014740e+01
1.540489438621361273e+01
5.024905666655637759e+00
1.129697067186769566e+01
1.071357307137844117e+01
2.998336684230783078e+01
8.474410198665307092e+00
2.167505262963327084e+01
5.297055914220662487e+01
3.010936634456394145e+01
6.390554799863135571e+00
1.419975788298928165e+01
1.041105953897547920e+01
6.661417907594881171e+00
9.751998083835198727e+00
7.470420028667066781e+00
2.895459117287354545e+01
1.031522900391307651e+01
5.733114865725072562e+00
3.908113072222956674e+01
3.490733502340391592e+00
5.446323190175169415e+00
1.023028982243310914e+01
6.064214307383655189e+00
6.405614495053024271e+00
1.772041259697382998e+01
4.878000239426219409e+00
1.076120453161701462e+01
4.028672769175162038e+00
1.175124594492399233e+01
3.039883348187844803e+01
6.440682544762331041e+00
6.727224200556888967e+00
6.320596910496654175e+00
8.204111444332873759e+00
5.936020992914258443e+00
7.866590101338571728e+00
2.406345947838647348e+01
4.887133774665148422e+00
6.570891720242612699e+00
5.967838044502022044e+00
4.477011323487236183e+00
6.187983666577809849e+00
4.601326004043443163e+00
