1.329124608661458495e+01
6.520472742715550218e+00
7.587781914629730728e+00
7.278966556109779162e+00
7.879889179484614203e+00
7.380674808409060539e+00
6.080298674758217281e+00
1.998491016558971296e+02
6.615807454240632524e+01
8.782792445369929979e+00
5.675211264258511079e+00
6.489194523421226712e+00
2.494782564802785174e+01
6.106765782540416154e+01
6.432075597469514072e+00
4.665809304850753847e+01
6.226409645434102025e+00
3.258869006824409098e+01
4.782174278454149885e+00
4.352407525957184831e+00
3.586017893283533198e+01
4.645683401345165109e+00
4.251304939284502815e+00
8.463291692542767919e+00
4.564140327159841526e+00
5.268726816370158161e+00
8.369733876091594027e+00
4.939052970541706777e+00
9.960831938566784061e+00
1.752174087011655956e+01
1.053916514743566246e+01
6.360291897752114565e+00
6.416376156947503517e+00
4.718149274131539528e+01
5.637190869010486161e+00
8.583775983950003408e+00
8.641064747037304983e+00
4.586742262679551096e+00
1.049333164535241636e+01
8.507718014394496819e+00
4.514324964113758831e+00
8.471680283218939067e+00
4.393221268949558223e+00
1.245015112203282648e+01
5.151833110747875644e+00
8.545670964254167501e+00
4.675894474474846518e+00
1.226296296496864358e+01
5.795675572869455117e+00
8.996747426710834716e+00
