8.465951254597710474e+00
4.198347007138950815e+00
7.596602625695636490e+00
6.207124581357057913e+00
6.277257902190557459e+00
1.176188654036694459e+01
6.224295269611092252e+00
9.758341613228877165e+00
6.597748334997925568e+00
7.742020395459483950e+00
9.861171664512513146e+00
6.721328988091567425e+00
5.148586334060268221e+00
5.585318049640739524e+00
6.112932875666738042e+00
4.210367042852590558e+00
6.156466633127468668e+00
1.083742266533144516e+01
6.348964345947962329e+00
3.580523219284786762e+01
2.338660652987992705e+01
5.683563555821006474e+00
5.085998038321511316e+00
5.788841035973280924e+00
1.069480975208585605e+01
8.732712704508493573e+00
1.064882803943554457e+01
4.538912385113851755e+00
5.794491792471455405e+00
4.747235302603579399e+00
4.527257015181438859e+00
5.241090033360682021e+00
9.168596813739547713e+00
6.127408549702265006e+00
8.347727050246001923e+00
7.624340153271304210e+00
4.078732738030753424e+00
8.755927538352555217e+00
5.048193577284226130e+00
9.689142924836955828e+00
5.442582463505686974e+00
2.011727716897758000e+01
4.850738155096592230e+00
8.332737878338635440e+00
3.141364622122912209e+01
9.128433068842076281e+00
5.809459754788979247e+00
1.272402332209007092e+01
7.998000613321694985e+00
8.721918995078139503e+00
