6.654938156347210310e+00
4.922264436318938507e+00
6.062324634338331464e+00
7.526648928916237047e+00
6.576969354079786001e+00
6.649024610514049805e+00
6.060027798072447069e+00
1.128819165837013294e+01
5.833372317425089548e+00
7.069659223011702132e+00
5.764848712790348273e+00
1.187871948232669972e+01
4.672706050884111839e+00
7.631976545467297868e+00
4.631121119119013585e+00
1.293809170599757152e+01
7.155564823130276864e+01
1.640513910665915276e+01
7.244553109389931578e+00
1.182828078764430479e+01
1.063105842962988667e+01
7.013323734961293354e+00
8.567824930737328870e+00
4.363775818491115288e+00
4.922219889724378739e+00
6.391288637512819726e+00
9.843774474953761455e+00
4.133485808721508725e+00
9.588568885180821511e+00
5.333955412081196279e+00
5.015504276198351263e+00
7.077552783265406156e+00
2.635180525627896131e+01
1.015022373085195539e+01
5.062003184471510764e+00
5.694410438280467446e+00
4.526939216061611759e+00
3.048300219844105285e+01
8.530847434451018785e+00
8.125551181104025744e+00
8.251232141475812298e+00
4.602221269205364251e+01
8.515050674754725435e+00
1.136384207739059704e+01
5.287347067563367808e+00
7.617591528628826936e+00
5.795605038619869198e+00
3.894585243608177816e+00
8.176746945820166701e+00
7.688278473264423596e+00
