1.676859195603985242e+01
5.053476443809248764e+00
1.834136568560163383e+01
5.472528562660517792e+00
8.827671921983949233e+00
3.187369805995849070e+00
7.249183040366617092e+00
5.857131709250959162e+00
6.586611042855792242e+00
5.391990373814750548e+00
9.981423214925527532e+00
9.369376891709659816e+00
8.393215417639751763e+00
4.056359846327242558e+00
5.306979601193677176e+00
8.448547244348594276e+00
6.473945743188504132e+00
7.432350798771520495e+00
6.604850035622113147e+00
6.231435963005298895e+00
5.867608834791353090e+00
1.134271978497613986e+01
6.690632688297444730e+00
1.330785472368736855e+01
6.170675914890415115e+00
7.798608755542291604e+00
7.322384253565605405e+00
1.037655052787422072e+01
5.315411840077791439e+00
7.972328237170697385e+00
5.477296464884501503e+00
6.324313638857940845e+00
1.433393708684188184e+01
1.914747778066375261e+01
1.309011395490938945e+01
9.678615293166481948e+00
5.573911125568386637e+00
6.268445990929903289e+00
7.338895196780726771e+00
4.359365004226771312e+00
2.093544806146277892e+01
1.137677861477693142e+01
1.900243007022054798e+01
6.702571441903256044e+00
7.146930392993608550e+00
7.446014082808688705e+00
6.657966895422969600e+00
4.070656207373062330e+00
1.375210745959144276e+01
6.293528144610105457e+00
