1.048768033353731077e+01
7.109713861065708684e+00
1.386838020226786661e+01
5.407163750851083250e+00
6.888757975861913962e+00
7.067215230350093691e+00
7.936934628478448772e+00
3.586889862468391144e+00
6.100044291563479604e+00
1.335374908386408777e+01
4.953316363785317478e+00
1.851938637935027643e+01
4.908375788235652237e+00
1.348637477976058463e+01
7.879704987309565922e+00
7.948609376505940460e+00
5.464239058373594027e+00
7.012104003374454386e+00
9.378939193502263905e+00
9.946109941775395313e+00
7.331801077752390761e+00
1.555606342629885219e+01
4.895627110355435185e+00
1.524483969833553054e+01
1.125368086747286434e+01
7.903627406424273083e+00
6.974626428562276104e+00
9.277261425083013435e+00
4.803859396468668663e+00
5.013617090587627168e+00
5.690934730570855749e+00
4.575187382210526010e+00
8.219119169549035320e+00
7.613660545399770108e+00
1.264039942599931265e+01
4.928825469736040965e+00
5.088109243610925425e+00
1.226230237884601415e+01
1.164583070859348268e+01
4.933952852513547427e+00
2.144380216538795381e+01
9.356997614061992152e+00
1.223283299302661042e+01
7.647854060712890423e+00
9.041411312104395748e+00
1.166591151936823145e+01
6.364984765796831034e+00
6.956460787997168715e+00
3.620498582750180994e+00
4.698830785164810564e+00
