2.900727079418297993e+00
1.098083733302421372e+01
7.710594975589136091e+00
1.507807225212300395e+01
4.654883424316032858e+00
1.107100771651751714e+01
5.726429088497993369e+00
2.127162354155047197e+01
6.675439335723231338e+00
6.017148870034757380e+01
9.564258106844523155e+00
4.921605083444326567e+00
5.602999170184838285e+00
6.674746945187806979e+00
1.271134998738734545e+01
3.732622774336473981e+01
7.385548791578060879e+00
6.361399821208514993e+00
4.572116333820230416e+00
9.138067147105731536e+00
4.275794524207514158e+00
6.851474873617849681e+00
7.234658012149032480e+00
1.449335512953623528e+01
4.655809249459315069e+00
6.689863953469015634e+00
1.252232990177997074e+01
8.662010126446297420e+00
9.403860517906259986e+00
6.407508944198156975e+00
5.921529171075061271e+00
7.467188602637889971e+00
5.585087670302693930e+00
8.339881949392029981e+00
8.522252961678246308e+00
7.282776905670602652e+00
3.954584261311745230e+00
9.404615827755483437e+00
5.456062021781632687e+00
3.722481212350120749e+00
2.287035274050433387e+01
5.664050304202026709e+00
5.334607084610123451e+00
2.730254208862199050e+01
6.442027481654560184e+00
2.634382927273371067e+01
2.889878250384284541e+01
5.162911783110406994e+00
6.678998753351939044e+00
6.799809311475979001e+00
