7.789956305098113098e+00
7.044441123654132753e+01
6.144317199193162438e+00
6.765054549551706486e+00
6.027266038504818013e+00
3.593472669238158801e+01
3.086559428107965353e+00
1.041208947781849226e+01
7.683464284383459741e+00
7.397896286478199102e+01
1.304129161190843611e+01
6.701481571689486216e+00
3.907733822338069274e+01
9.254870297422511882e+00
5.089767011320298629e+00
5.163622346200141600e+00
4.014755332490913986e+00
5.830546051884600622e+00
8.782608482316685894e+00
3.087526624722663016e+01
6.470111274827903713e+00
1.246775921666995579e+01
4.801259505349867673e+00
7.604983573286178355e+00
5.843318459450017599e+00
5.929557461796767903e+00
7.731025269047443693e+00
7.682447937921838665e+00
1.023844352658166379e+01
5.774194279545726616e+00
4.412936776413842743e+00
5.618721202347684240e+00
1.614031792081073391e+01
5.151993285205962003e+00
7.038989841572438344e+00
5.907125450805276401e+00
7.475869060884934747e+00
8.473758532938065358e+00
1.066766501565851399e+01
4.162217912940233688e+00
5.150961156519552553e+00
8.911480137714736571e+00
4.686716626736507685e+00
4.693719484613345649e+00
9.094071564775376260e+00
6.222435598181536243e+00
3.877678187905381879e+00
2.140363488508878476e+01
1.267140059650047768e+01
5.800433285107922110e+00
