6.840715412620885338e+00
7.466943677371138399e+00
6.016252906882075813e+00
5.241067279196275130e+00
5.605810110399242596e+00
8.693501862075978082e+00
5.145809043364310220e+00
1.305347192925200872e+01
5.426980662828891688e+00
9.237039794268232740e+00
4.636088989911600677e+00
1.435590996157127996e+01
6.617971445846812628e+00
8.307759754329033797e+00
7.254176004493027463e+00
4.047904901988719217e+00
4.997889388801778665e+01
5.970612156362195222e+00
6.630044778641806857e+00
4.443289311184097201e+00
6.007295356628567617e+00
3.107039278505946811e+01
1.154013099034185075e+01
1.348109174058521020e+01
6.300204288562187394e+00
4.822896668451768676e+00
7.455541107135693402e+00
1.156034604132727850e+01
7.765418107284916438e+00
6.346010942879520833e+00
4.537014301229254976e+00
6.478827562505161453e+00
1.015269447150859783e+01
3.725464202153618842e+00
3.887531648782081017e+00
4.586859080649928089e+00
4.586830383553653689e+00
5.317878980547567913e+00
6.150194390040953252e+00
9.929926746424424522e+00
1.483847227968902338e+01
5.076010479698959799e+00
4.452073258055508909e+00
4.880102008773531175e+00
4.546856354961274604e+00
9.994279819713671742e+00
7.585918176805454216e+00
4.883927010264004664e+00
5.511731788978583957e+00
9.187297416830160657e+00
