6.491715211575895594e+00
5.216246278355834320e+00
1.588980154213854057e+01
5.654381017315809999e+00
6.209776257994595206e+00
5.907628442523528811e+00
5.892088051156420647e+00
5.759276155982687939e+00
4.597301480166765764e+00
9.551065600477679496e+00
6.389426977014267983e+00
2.480619117769025550e+01
9.667482314620386319e+00
8.650399526104751047e+00
2.534778296219709048e+01
4.914062876825300741e+00
4.968045119427957346e+00
5.187868396508670266e+00
7.313453926003646188e+00
6.335786400133755158e+00
6.802486505531629923e+00
5.691837452991300061e+00
3.895494824981591275e+00
8.001047520133440116e+00
6.349271645460047964e+00
5.623642127938841107e+00
8.981922169049228799e+00
2.795175748687879747e+01
4.055269212137492474e+00
3.384673542045606354e+01
3.734544080761551754e+00
3.818033895061088145e+00
1.477185745544048423e+01
4.551557218595021936e+00
4.291044055190965878e+00
4.930672687459496828e+00
5.441413618112849626e+00
5.725753205379610300e+00
1.051908429410518764e+01
6.623825327979607991e+00
5.133405021741250351e+00
8.283027985516870473e+00
7.489801242924798430e+00
4.987833874618281271e+01
4.178687177940688890e+00
6.455008050497875516e+00
1.409526780527444778e+01
6.884863476490535206e+00
4.630612572243122393e+00
9.332407806430149222e+00
