5.333746778144983658e+00
5.925864683548645928e+00
5.343489564966805716e+00
1.012406550052294740e+01
8.515979072109905346e+00
9.381397195512873211e+00
7.108355168053954287e+00
7.518796432210668179e+00
6.576791769624835027e+00
3.657230023162792776e+01
7.200746839524578391e+00
1.697533369245895329e+01
1.395449766383839751e+01
7.924593385265707113e+00
2.180507930541872597e+01
5.973363993375413905e+00
5.512450667114818792e+00
4.556216741420517025e+00
8.291267329221120974e+00
6.715223022418754795e+00
6.331026957058613291e+00
1.950271683568760039e+01
3.778613054161043650e+00
1.425569867817173630e+01
8.324201130263848114e+00
5.221266253245771871e+00
6.387354611498388124e+00
5.230384101581123879e+00
1.904894089046836925e+01
7.913159756279593893e+00
8.254353050130335490e+00
7.120374898704262101e+00
8.233704891509246337e+00
7.143445586881607134e+00
1.956088579024915219e+01
8.491765889957818558e+00
1.240009641804492624e+01
4.305206402124105836e+01
8.746715640274850045e+00
6.009147274506483782e+00
1.345011753923787268e+01
7.468204485745811638e+00
1.414240217796693244e+01
7.432087820625295826e+00
2.985796949753288576e+00
5.257526651552526964e+00
6.503892508121499993e+00
1.645977382390597299e+01
3.000451944031616414e+00
6.346194308035522091e+00
