4.938483810696904186e+01
1.610418472141129698e+01
5.690333837283297669e+00
4.500458936706648316e+00
1.312633060480470171e+01
1.686457059941752732e+02
7.007319199237726615e+00
7.085615166574663171e+00
7.813130246098754839e+00
1.332762356442099794e+01
1.877201223664904361e+01
1.748078483239244818e+01
4.702051159202081720e+01
5.692771882352191781e+00
1.049833851656307182e+01
6.540452214576403911e+00
1.424542297180312822e+01
2.201444380831341618e+01
8.578916351223504932e+00
4.709893914238664436e+00
4.522045928877351884e+01
6.386659275265915703e+00
8.018009303029874246e+00
6.717409423529161039e+00
6.338816903535001046e+00
9.418836030014224647e+00
1.417812139414517070e+01
7.164923401075074416e+00
6.218778412173604053e+00
1.632487987102306803e+01
2.729350071942834788e+01
7.914501291376335068e+00
7.338174994246810634e+00
6.259296437907679866e+00
5.795991939624799194e+00
6.163067930914907677e+00
6.687982603132381243e+00
5.243935002227867237e+00
1.516375784602124277e+01
5.613336702278594714e+00
5.105488423246477225e+00
6.571610365752778904e+00
1.339343503826391135e+01
6.406868740995706446e+01
6.271835518141037902e+00
7.661533050679197210e+00
9.207652120956398178e+00
1.012120226816278468e+01
6.228146493916749904e+00
4.335830404105410096e+00
