3.738716499474153743e+00
4.847265569349159087e+00
3.946867915670512872e+00
4.842965247476401558e+00
7.837668686257957873e+00
5.980427861219873797e+00
1.258254565015499971e+01
8.431524953414305301e+00
4.265593764756911099e+00
1.456228165745999981e+01
3.377467985088838986e+01
1.262541016471032762e+01
8.484931501467894321e+00
5.397122235537971768e+00
6.706458728344223630e+00
4.001954861427596377e+00
7.148667537637446223e+00
4.993958971122657076e+00
6.825920260634481096e+00
1.237326026118538103e+01
1.047704057622482132e+01
7.235712025610369302e+00
1.910325182326069893e+01
7.061802380041930505e+00
4.855967251459016865e+00
5.867856610584817112e+00
5.619879809891414446e+00
9.313465827535443964e+01
5.479230805907496560e+00
1.433888687376708759e+01
4.645342030470697381e+00
1.194300410674096469e+01
6.118239084183179521e+00
6.876480918438277357e+00
3.725482452623172236e+00
1.156811852800738194e+01
4.887875705126805137e+00
6.597248616846112412e+00
5.581988841798126266e+00
5.213375435488286413e+00
6.769439733194320574e+00
7.978977884236379658e+00
6.247776002759412250e+00
7.343478736550695274e+00
1.066618814356629485e+01
2.071295079712206899e+01
1.075502439708787428e+01
4.356763943594143207e+00
1.799676463023357798e+01
6.426012180074721414e+00
