6.338569211922488122e+00
5.107099125338841361e+00
1.108168215693665992e+01
1.061638516890544004e+01
1.361856787892142151e+01
4.585032434353928821e+00
1.214650736225089922e+01
6.622481751247300430e+00
1.196384024201045904e+01
7.399063050264813590e+00
3.337338814273650645e+00
1.695968878092235954e+01
5.913187381823957978e+00
7.878580657455134251e+00
1.670656120332342809e+01
3.841464715722934020e+00
6.474581567370312207e+00
4.501757139158344856e+00
1.250639134119160900e+01
6.355641428303664853e+00
2.971376238044568652e+01
1.971506692136529537e+01
4.627068154930616295e+00
1.029634233686321387e+01
6.148421028002739597e+00
2.345008430055499460e+01
4.417572141961159105e+00
7.821457546001878036e+00
3.101235589682568872e+01
7.855549416109848693e+00
5.709168011868946735e+00
5.323566324558367313e+00
1.504820992562210336e+01
5.910467971035338941e+00
1.215533180041406247e+01
6.067727811083407197e+00
7.730343211087356892e+00
8.329952666431163166e+00
3.981703571647205564e+00
6.081738660194522694e+00
6.517746894233412469e+00
3.975208826641166482e+00
1.209953735684090503e+01
7.481670217650999710e+00
8.656901673594887825e+00
5.076598356204736540e+00
4.425426739014453048e+00
5.469890673011679638e+00
2.226470221035345176e+01
5.006142759150514543e+00
