5.850270081153327695e+00
5.131069378894257405e+00
9.639313763172541627e+00
1.093822488056538766e+01
7.247332826147798279e+00
5.700028696878366219e+01
1.016135280404355790e+01
7.870141283543905075e+00
6.075795601994918194e+00
1.403062718721454516e+01
6.706224335237952694e+00
4.592182835000647501e+00
6.523455712532567397e+00
4.867870606546617296e+00
6.312644962806566618e+00
7.057231297187689378e+00
8.132176192527760250e+00
4.324345403211673045e+00
9.108393773937303095e+00
6.605543918079865406e+00
6.328646075079167765e+00
4.277592630401409579e+00
1.049629233377960524e+01
6.884815533811246446e+00
1.977372592291184716e+01
3.375922931994898235e+00
1.501111097297549790e+01
5.159783493785560893e+00
4.839188027631566769e+01
1.865631321939556742e+01
1.534376752000830102e+01
4.072702105489092617e+01
4.008199006162928235e+00
1.021957981038912244e+01
8.515059587059319313e+00
9.523328029260726524e+00
1.226699174398853032e+01
5.398725732260797550e+00
8.366893532830353308e+00
8.348175939278872804e+00
5.500518805346223061e+00
5.534284150105707845e+00
4.309915450323537733e+00
5.183643087976196107e+00
6.984842213401335265e+00
1.120717359559075454e+01
7.275853063378296071e+00
8.038768333063071481e+00
1.046360198893948379e+01
4.831149027281914421e+00
