3.155227974212024478e+01
8.844059927939575516e+00
1.656019901980657849e+01
5.816310719601791135e+00
5.722962042909229829e+00
8.820649982163631719e+00
7.155727590791586046e+00
5.952162446022355446e+00
3.563458389062817133e+01
8.057162810259717034e+00
1.395257567184468606e+01
6.819023454813204488e+00
2.179277187202828969e+01
6.000803961645905460e+00
8.099548853673901760e+00
5.408722881504234081e+00
1.706443564317613948e+01
7.889828567810007520e+00
1.693963297651848521e+01
4.404877321906624843e+00
7.623099411194217190e+00
5.861667539294124651e+00
4.834877506260573554e+00
1.118178896329791172e+01
7.404157044753275407e+00
2.812819919393798163e+00
6.712339781329615285e+00
4.279895974419770432e+00
5.963269635033375948e+01
1.456585273585925400e+01
4.065165266126493648e+00
7.870796126513885937e+00
7.353816073904837047e+00
7.055944975141670739e+00
9.120620564777732753e+00
4.789428320931103045e+00
6.195934529939633784e+00
1.046346121489268022e+01
5.765667855632291783e+00
5.361735463388842327e+00
3.923289282162149672e+00
4.068271709804355041e+00
8.497352094085529828e+00
1.026144775617433602e+01
9.066383337837036649e+00
1.032783725654938145e+01
7.882800220111632505e+00
1.746423311433825631e+01
4.681721818927046641e+00
3.443154900539786212e+01
