5.489074338613654902e+00
4.585166633714173656e+00
5.129578739774582452e+00
4.313402260964983803e+00
4.673812322225926685e+00
7.363337598130372363e+00
4.762057739825136693e+00
7.225957018117621367e+00
4.596858345579740046e+00
5.014363196015271917e+00
2.986228337624415197e+00
9.034476959082338610e+00
3.638400852191550960e+00
4.617335142855020003e+00
5.286560630544829387e+00
1.378320055571891700e+01
6.478736895002046481e+01
1.223750944803742335e+01
5.031664431127357950e+00
1.217959704909142893e+01
6.865313880042827499e+00
4.980469075612466767e+00
7.025470358240831104e+00
3.364781596280632670e+00
4.133479074726606584e+00
1.032067192840826664e+01
7.926131395046807526e+00
6.492557212348539331e+00
4.815346185257604716e+00
4.259901817665075363e+00
2.578612728878924010e+00
4.480642973378207827e+00
1.844685757922179903e+01
3.282629700155813346e+00
3.443697484084989657e+00
4.548624738382547328e+00
4.561721723324960287e+00
1.103250448310184950e+01
4.385735498624585560e+00
3.877034210673217629e+00
5.031072053167286562e+00
4.502574554302822207e+01
6.854892629042257823e+00
1.542249992310484075e+01
4.606708279043003174e+00
3.407683262030182458e+00
4.414154222005275408e+00
3.957123756683745164e+00
7.800093173532373747e+00
3.936666295170074825e+00
