1.199661053131290700e+01
4.724396186601334868e+00
6.583199719084863233e+00
7.114962513866946558e+00
5.250231173640856674e+00
7.992810431028880558e+00
7.755048063235725486e+00
2.216624217038605025e+02
6.847547848024365180e+01
3.264558662479923878e+00
6.762702983678174462e+00
4.277681315645555316e+00
1.834011286216023962e+01
5.533017166658975583e+01
5.617559480682369433e+00
4.086984715282134317e+01
5.872716742790816902e+00
3.379359836009784601e+01
7.841452460041042904e+00
5.659257315662310717e+00
2.107180019020585604e+01
3.558995259668989330e+00
7.522040438723490041e+00
6.832030970165696715e+00
6.998226331664911370e+00
6.280215959034445738e+00
5.784876773311129483e+00
4.528356505665164455e+00
4.354232854123298857e+00
1.154500632772684199e+01
6.753084588639583608e+00
4.240300462801489090e+00
4.786607550825083379e+00
3.423370803640315074e+01
4.631801457925942778e+00
6.014560286529500921e+00
9.710851225399350639e+00
5.246447938235665909e+00
5.800845594830179586e+00
5.382784362538276746e+00
2.000071567651048987e+00
5.107401879426177516e+00
5.940376150329782057e+00
7.238559418198147632e+00
4.444754648658501672e+00
6.090565405679177147e+00
6.486301290906371086e+00
6.656319302629220225e+00
5.447914662894802085e+00
6.011641252409627434e+00
