1.394874686016552978e+01
4.588144778311798788e+00
1.647236798865043639e+01
5.215288085277590469e+00
7.456234487795991406e+00
6.311286335873594666e+00
5.105701036683777616e+00
3.018687810156536422e+00
5.051857194676677487e+00
5.215669799242178328e+00
7.111465391312977502e+00
5.374622216957913423e+00
4.023716328310321444e+00
3.130985883876878262e+00
6.185834528316302539e+00
7.508004985097528561e+00
1.463231241463978805e+01
4.459056726686943861e+00
5.291611587740122857e+00
6.527074981065179138e+00
5.564361425600100830e+00
1.136794153433128152e+01
5.159808930897751722e+00
9.866730023396655724e+00
4.704556048859477535e+00
5.154321420775342943e+00
5.290872557436625989e+00
4.997002441679033069e+00
7.088514428348936747e+00
6.103701667500493144e+00
8.974539031464784600e+00
4.773727057984347155e+00
9.240049933880982280e+00
9.122735460185923628e+00
8.188820561478181048e+00
5.205907581646679994e+00
4.109712073386927678e+00
5.470525584814673437e+00
5.432223768156587695e+00
4.461445964673479203e+00
1.821784958176274216e+01
5.130921329993791247e+00
7.252491566460574468e+00
5.003092133227944771e+00
5.613887210826574048e+00
3.712728132300612049e+00
5.558008248878986812e+00
4.677987235505031371e+00
5.228695694448664000e+00
5.921609695491548919e+00
