6.067041099486481848e+00
7.224231419864751480e+00
9.020889884901237110e+00
1.223653730111291971e+01
6.369330283532502079e+00
6.056990327318212408e+00
4.165630539006563993e+00
1.782090736846270929e+01
5.418288747037014019e+00
3.576529484257387992e+01
5.811457783209805328e+00
6.331045449320044760e+00
4.015950955688228241e+00
4.114394432376802690e+00
6.778381194667785437e+00
1.278735302351720904e+01
6.431838069625425369e+00
6.038198572439239520e+00
4.127726414285866952e+00
7.662979147705762273e+00
3.336369551175446979e+00
5.449141261846963680e+00
5.353295865853532121e+00
1.066761716662543868e+01
4.159295801521192715e+00
4.001049639460599217e+00
1.285014366605699365e+01
4.304360863782312308e+00
7.614785633061782022e+00
9.235170038872128728e+00
4.774429607143167331e+00
2.654048008349084053e+00
5.046006920329113576e+00
7.166431949392554124e+00
9.164474843357050204e+00
6.940813571211382538e+00
4.057875559168881985e+00
6.548214806967496138e+00
5.190528502043633807e+00
5.349864009908278817e+00
1.825580116080294246e+01
4.248548371866180950e+00
3.725623606787562547e+00
1.004494858976736893e+01
5.483552698337967435e+00
1.680373858341073046e+01
1.697658206305143125e+01
5.348008243006304951e+00
4.390876424997539829e+00
3.566616077227870107e+00
