6.399625137519440621e+00
4.443239018130293871e+00
5.919859640831123926e+00
1.450848807175044541e+01
9.393371109672152386e+00
6.449249577797483646e+00
9.236428145658898359e+00
3.366737125586765966e+00
8.969827209733612250e+00
5.910800828094619597e+00
4.341659362590969629e+00
7.060320450729262731e+00
4.096055927379367745e+00
5.484887042654891687e+00
7.023367119127873259e+00
3.852514575794128593e+00
5.969111882286542325e+00
6.434407471175386029e+00
7.211626420574982710e+00
4.200530830486882472e+00
2.939248507466881577e+01
1.636480610352426268e+01
6.537005119642692819e+00
4.909609771276686629e+00
6.193437865320774449e+00
1.500841586178149711e+01
7.425301495719638822e+00
6.090146900249584938e+00
1.546913331416930859e+01
6.712337611331622433e+00
4.598676143609376155e+00
5.710463119138643684e+00
5.941986837434159341e+00
4.698392723459882347e+00
7.507360192638108387e+00
3.499789332434867006e+00
6.187260365469925638e+00
6.456744356433339327e+00
6.553129687172575046e+00
4.171063714641711329e+00
5.610114084450748884e+00
5.415350337369560840e+00
1.073583478784726530e+01
5.742826388980565078e+00
7.450530018400348453e+00
9.117601455069353378e+00
5.299383732191438767e+00
4.502327510093708796e+00
7.126368446592127981e+00
3.936613035054109755e+00
