5.479861497018682748e+00
4.215831266270034128e+00
1.166942427388412007e+01
4.858204591048745868e+01
4.503031960767773789e+00
4.878436858535461162e+00
8.992393674882995569e+00
9.837594261363987513e+00
8.632027639029582033e+00
4.792059562422608998e+00
4.713362962985920390e+00
6.576581515283073109e+00
9.829283444228519073e+00
6.508563548801389764e+00
4.907511064806366896e+00
5.016638053996944180e+00
7.742533823199344134e+00
8.512570086295836447e+00
7.013576813755694417e+00
3.805166071041682585e+01
5.681474620817945187e+00
8.240275754441121592e+00
4.419341881711720710e+00
2.732527256426999784e+00
5.475189195897447902e+00
6.833705871305370216e+00
1.360243521893399432e+01
1.458997273847808351e+01
4.870785232132511133e+00
1.006840168370620070e+01
4.746276213844160985e+00
3.811560867428685384e+00
5.745305681076071203e+00
1.159246533472440177e+01
4.840572860848625147e+00
5.043781591806092202e+00
5.320788600089443321e+00
2.120518662999692339e+01
1.975785312742888378e+00
4.327570907862115845e+00
5.652894397903444279e+00
5.039143864183134092e+00
8.911521305693067774e+00
7.524226179476316112e+00
3.252940355864301747e+00
7.852719280690923398e+00
3.532970356186142080e+00
4.948529689432001888e+00
7.959486172587945774e+00
2.809621719806359508e+01
