7.788130043077928555e+00
1.022721561576755356e+01
1.709112029467718585e+01
8.121049875066558954e+00
4.509827081295767037e+00
6.269132536696351288e+00
1.673644016378738186e+01
1.245655281960156380e+01
3.453333775506049363e+00
7.782024362599244682e+00
8.251800538098740034e+00
1.004480146377963479e+01
4.046314244847843966e+00
8.733626185744119752e+00
5.888536404719414641e+00
4.011716591317495251e+00
4.016487860472119920e+00
5.757819896764365453e+00
7.234183229335044096e+00
7.160342709924090165e+00
5.015965214902176506e+00
9.088563624983567735e+00
5.342213599796179047e+00
2.410364549681602142e+01
8.620254506776996450e+00
3.582135305170552009e+00
4.398704064737755104e+00
6.837175093254057145e+00
4.693517641412957353e+00
4.738580287021483706e+00
3.665923634086349914e+00
5.550944486385841259e+00
7.308959983853533515e+00
4.714088018076549425e+00
6.533996923898266473e+00
8.173988340585594869e+00
3.262588173442139805e+00
5.891340971968371143e+00
7.459476162218307671e+00
8.740021045930294719e+00
1.344608059322507998e+01
1.102429324213075112e+01
1.097743593539158624e+01
9.297902961222359153e+00
7.202886470863733237e+00
6.548021658605971851e+00
3.386654062217026251e+00
5.937838175077718716e+00
3.786364673789585744e+00
4.107100434293724511e+00
