2.217085683796724283e+01
6.159141195822835257e+00
1.432735934302728786e+01
4.065588874348096127e+00
6.286096740738273958e+00
1.858206219095669809e+01
4.425174872119884029e+00
7.596038280469598725e+00
2.607506160121634764e+01
3.389471416069672394e+00
1.129624273840718196e+01
5.731774333915257813e+00
8.739924940053622748e+00
4.269506231147977005e+00
4.327327540315022425e+00
5.240190717050702496e+00
1.014187342485079668e+01
6.307560524118255074e+00
1.002230092258102445e+01
5.144798231626893426e+00
4.696793925378364598e+00
3.923298407379367969e+00
6.077203551456286768e+00
9.744772949653651040e+00
7.016120212500288389e+00
3.877642501958618926e+00
3.960952297309081160e+00
3.283193443836632142e+00
4.265029701365118342e+01
1.242903617225139001e+01
6.834440707995229403e+00
3.819179419241190310e+00
4.935011242567468592e+00
5.238874965263311090e+00
4.706281366465780991e+00
4.702780538638421604e+00
2.609891200343122719e+00
1.117045343732620211e+01
5.623639258240652694e+00
3.466633960744911480e+00
3.903492220217914976e+00
4.091019482821780073e+00
8.619209791872080473e+00
8.101386473518338960e+00
5.291989482887282215e+00
9.792895968562575604e+00
6.109305521516136039e+00
1.383089925473572457e+01
7.363113369447319201e+00
3.555630316167628990e+01
