7.367011287151859378e+00
4.642203785457636123e+00
5.634474131420328824e+00
5.012729911333019928e+00
5.339714695182691706e+00
7.887103588387041953e+00
3.620423600751385607e+01
7.631354095339704102e+00
5.301446190187967922e+00
1.109008824706606333e+01
5.677368158990923952e+00
1.301717465592835055e+01
8.138216772647846042e+00
1.454856491333854862e+01
2.815838788497763900e+01
2.120271528680233075e+01
7.608965864762162745e+00
4.420012466516248573e+00
6.585143908558572790e+00
7.564911298711427534e+00
8.205203699583357491e+00
3.422898653209818232e+00
2.684203596824247029e+01
1.090236471087404979e+01
3.996701739404258102e+00
1.814773105888411564e+01
5.463083538458054278e+00
3.994208568029120165e+00
7.403461602427253041e+00
5.921332796872174953e+00
5.044569327067417674e+00
8.224937683037103042e+00
3.317929830733119534e+00
4.715931595288317624e+00
5.914933708590399242e+00
8.100772445824212298e+00
1.380289528709256786e+01
7.827304613797640087e+00
5.799780468961057700e+00
2.626360680692282124e+00
1.422735983540115967e+01
4.152375782614652344e+00
5.130224602767649245e+00
8.571498354906394113e+00
4.156634321666406784e+00
4.168077254876560112e+00
7.068914888378015959e+00
6.191094087470821350e+00
4.720030499276850477e+00
6.863735261590821146e+00
