9.893963023647645016e+00
4.924528365488732184e+00
4.322269130816355442e+00
3.174912539982396531e+00
1.263937118298376383e+01
1.373913130676515237e+01
1.474994429360002179e+01
1.130187217695781676e+01
7.304990284764485864e+00
5.933681147344072926e+00
4.028273670997974953e+00
4.442946045707766523e+00
1.265685659860791823e+01
1.392201267731706871e+01
4.908166781031851222e+00
7.183017282393171499e+00
9.552749912538869737e+00
4.538355694167218068e+00
3.939811217955210054e+00
9.030084842546726165e+00
8.936870320779863874e+00
1.730945643646810694e+01
7.835492101246828156e+00
1.305104143527735516e+01
6.183711864009235448e+00
1.029897714943543185e+01
6.077371454427137110e+00
1.309738590197634345e+01
6.156620838944615315e+00
3.892444687629322608e+00
4.553579450932550010e+00
1.248586516146229997e+01
5.080516039658852456e+00
7.856200159208054146e+00
5.304819612318480537e+00
6.416304965702422258e+00
8.465494674320687807e+00
3.214788536438536237e+00
7.179763801569571058e+01
7.639934187941679511e+01
7.444179947033766176e+00
7.784341990288757174e+00
7.335798185197663912e+00
1.741583925099977392e+01
7.455645120310263607e+00
8.579315703961764683e+00
5.666941781236991105e+00
3.976982124856711653e+00
9.458143940759876855e+00
5.521909197645241463e+00
