7.979856245596674391e+00
7.773244095740010629e+00
4.984286916151344116e+00
5.183554600375507526e+00
6.259831191588015820e+00
1.616119048156573967e+01
2.338426581052051034e+01
5.561837734667189892e+00
8.858584285351332355e+00
1.325576122794727496e+01
5.027970727752396840e+00
4.910601668009805465e+00
8.532705356924251916e+00
3.220033784535064392e+00
4.942894464334259830e+00
6.870705567777140033e+00
2.977685532122119394e+00
3.966473736607503131e+00
6.829595902331973001e+00
6.503640048273839014e+00
4.232424802140589293e+01
1.112204543926007005e+01
5.401816092875577624e+00
5.506434104164476651e+00
1.570088521238280244e+01
2.654688585362888986e+01
8.154165612370279348e+01
8.268826743691292336e+00
4.736786912016657247e+00
6.040902057737298492e+00
3.496575239564703619e+00
2.472262177159240437e+01
3.231919967848799757e+00
1.076239540750890278e+01
4.030517655383515319e+01
4.582801491198857491e+00
3.706774056336530787e+00
1.264503716443835479e+01
7.713018642929468704e+00
6.218053371836885113e+00
5.812601337816420966e+00
6.895553957080208463e+00
7.945778761337529694e+00
3.618953578817661665e+00
5.497943998972001367e+00
3.390208226731523666e+00
1.108209362455212599e+01
6.133728553198811717e+00
1.988741408348413486e+01
5.782235760885225062e+00
