3.774143202001445729e+01
9.006306519527900178e+00
4.464171090093833172e+00
6.997760559132029989e+00
8.095757372167637911e+00
1.057631467355367079e+02
5.092844469007558494e+00
4.290608817023144894e+00
3.969657563666427968e+00
8.604587304855524366e+00
1.052690038517469162e+01
7.208594225552672263e+00
2.550429875844720939e+01
3.015144165623915296e+00
5.445783859896860868e+00
4.828914224201258598e+00
9.150311844841125364e+00
1.687368513323910690e+01
8.415975980906871712e+00
4.055887622287954741e+00
4.541613897739570405e+01
5.188874041487134825e+00
5.323879457399343984e+00
4.751276018951810620e+00
4.424656044870575400e+00
1.077207048842813464e+01
7.447852345722244749e+00
3.235670182071398226e+00
4.389721163160066553e+00
1.049166301765329656e+01
2.054900778786402071e+01
4.458139132868915944e+00
5.430951067010519218e+00
5.484953942433840268e+00
5.097435965938688085e+00
8.566574255092104906e+00
4.464810440637482891e+00
3.361484527723068272e+00
9.306541625061651501e+00
7.304955698510567252e+00
6.112500828494120242e+00
3.959462295671395182e+00
7.068302160402411438e+00
4.458376598755548770e+01
5.721742402381490677e+00
7.266078023925969909e+00
6.128578884092137358e+00
5.160775958099804051e+00
3.425902853539190218e+00
3.399012147942626072e+00
