2.484245536566455925e+01
4.795733368932904028e+00
5.912593601548809197e+00
3.819833118281818152e+00
3.751959999751766528e+00
9.670803335098375086e+00
6.428849136483007598e+00
3.803689985147503450e+00
3.903869811939789258e+01
4.250651439303862134e+00
3.532122893679535025e+00
4.398080206241051116e+00
8.821373775067845813e+00
6.241388090118035414e+00
6.497221157992746576e+00
5.661163154123451058e+00
5.128068624581606727e+00
4.266292267435203911e+01
3.403491996344823800e+00
1.580056142507998800e+02
6.544883578941449898e+00
5.391114887593845495e+00
4.467004348799160418e+00
3.363925952563036503e+00
5.757545562650010496e+00
4.249474908895324532e+00
6.824747851587327219e+00
6.839855032601073859e+00
1.778558632054017252e+01
5.129102347531550699e+00
7.528418539085109273e+00
4.654827038944390871e+00
5.363078589588559097e+00
3.514134623120032774e+00
6.466020006512774643e+00
3.560903333725143671e+00
2.956961243064505584e+00
1.023232121450914534e+01
3.938064943338648760e+00
4.667020032434188614e+00
1.535888074993109065e+01
3.615604474573643756e+01
4.178436834578277193e+00
1.250944708772397362e+01
3.423685773021944545e+00
5.723652757027040572e+00
3.464891752263200342e+00
4.864288679357398060e+00
4.824214594929624234e+00
6.236672163624746190e+00
