4.356102982234741461e+00
2.442508039879902171e+00
3.790772396407672495e+00
4.051298006155461984e+00
5.204207040053907996e+00
6.010523056899309324e+00
3.894518311715760017e+00
5.726980291468639628e+00
3.776759742343098747e+00
7.474493221617485972e+00
3.657609664888584078e+00
7.919975689970481625e+00
3.386560683626985480e+00
5.897644200340997678e+00
7.508360241579012495e+00
4.508417928638955630e+00
7.884162368746863159e+00
4.417080328212547258e+00
6.169503613041474210e+00
2.939289815486386459e+01
1.570861453373386318e+01
6.025189010174233140e+00
5.351637140661909875e+00
3.611991216718072550e+00
1.137514357555900624e+01
4.881484039170986833e+00
5.637597881526788868e+00
5.958449667335087518e+00
5.029697658778305325e+00
4.485914451577060369e+00
5.149073139962203172e+00
4.892642543962058888e+00
8.148959292578140889e+00
6.062090049756563737e+00
6.702371741660361870e+00
3.501699274529372463e+00
6.943108108812328538e+00
7.431900906169704335e+00
3.912835947759516042e+00
6.573762709266927295e+00
3.904192291886802391e+00
1.687085969337855929e+01
3.663101145470251119e+00
8.399466482063871808e+00
2.186766798499505171e+01
7.840528768546950467e+00
9.712173803919668558e+00
6.566926313582537311e+00
5.442740605949714983e+00
6.132938432757323532e+00
