5.920833926540677083e+00
4.211932013191237445e+00
6.852639718854537598e+00
6.246171809982838496e+00
4.943910664056625492e+00
5.391317182982793277e+00
1.160501243228043222e+01
8.484009644401137251e+00
3.903507820954915442e+00
6.348505093580513403e+00
4.746885764705390365e+00
8.152290092264687260e+00
5.499062045987714420e+00
6.087403370325517926e+00
5.472487462636309807e+00
4.011836117151300840e+00
3.116098685016320147e+01
5.610881924960446021e+00
4.122338915528844794e+00
4.853950501762566816e+00
4.278481255517353254e+00
9.753794160458973295e+00
7.545954320373787105e+00
6.791026969899360388e+00
3.882711662636838312e+00
3.287506935910009975e+00
6.004700852576545955e+00
5.667622991286513923e+00
1.070130216157814296e+01
4.156300784346989907e+00
6.322167356685163497e+00
4.619930021059698966e+00
3.829000386528703448e+00
3.544588905208054364e+00
4.464455726621809006e+00
7.247940965818511216e+00
6.049072196576545046e+00
6.168061647602987918e+00
4.749064608624574468e+00
4.881296940051128352e+00
1.102824240863177785e+01
4.934908122698645094e+00
4.731317718961589591e+00
3.706366528399660076e+00
4.941063809212237423e+00
5.385895074924498260e+00
6.577510603282958890e+00
7.055693654384791458e+00
5.926717504246878931e+00
6.198180492115079154e+00
