5.412590926971844851e+00
5.504487828428024088e+00
4.962443543122242673e+00
7.884053810718861577e+00
4.320901499237553622e+00
6.137628626568147894e+01
7.724449477388084517e+00
5.788971196656108376e+00
4.308726774797566605e+00
1.112797907000609499e+01
6.576664623651354624e+00
7.281784779224754978e+00
4.941227013511078070e+00
1.230657907882031665e+01
4.886276271157869111e+00
3.861922131046746198e+00
5.218741178018927229e+00
5.780357807123455594e+00
8.405744912082658615e+00
8.948550779827689539e+00
3.913565547022218372e+00
5.995162771943945756e+00
1.037709359127452302e+01
4.298414319027401120e+00
1.231218841339418724e+01
3.137864729392402019e+00
6.419203184343822421e+00
6.377135333238117987e+00
3.780539409396616435e+01
9.257305292966515609e+00
6.753720341246248537e+00
3.886073074662916582e+01
6.608176108766201651e+00
7.154170189594325713e+00
6.495346649140824269e+00
1.182189915017472792e+01
7.800071701649972766e+00
2.513913019245380465e+00
5.971496267401119162e+00
5.993120864762540023e+00
4.911726764040959203e+00
5.514359459752032677e+00
4.178870435797215954e+00
6.617088558591999181e+00
5.676500879061146421e+00
9.888158431569930684e+00
3.609154382342725231e+00
6.934861568097306694e+00
7.470971716196854295e+00
5.086217490824280318e+00
