7.130874014083894430e+00
5.083323988038836205e+01
7.210575190283704750e+00
3.772989173199476021e+00
4.399981293270405658e+00
2.857784828099055829e+01
7.164328231007043080e+00
5.242847814914087579e+00
6.223263914114071760e+00
6.024512400299663994e+01
7.478950177445628178e+00
5.326534181406561430e+00
2.770450821445041356e+01
7.582810381121340093e+00
5.225062555256197783e+00
5.131496792295537013e+00
7.274070743212988965e+00
6.530681384696065628e+00
5.521223786802685218e+00
1.602009799905776788e+01
5.595267723633413404e+00
7.762264263848385859e+00
6.827252031663218368e+00
5.451984038917849773e+00
5.483305373578197361e+00
6.094764830615757134e+00
5.914441422066272658e+00
4.685853973205268197e+00
8.155470405469685602e+00
5.544319090090096935e+00
4.686306803234011831e+00
5.418672395622952109e+00
1.285016336052777675e+01
5.016165828590905207e+00
5.473499199052413111e+00
5.383858352186202900e+00
7.644190318724134237e+00
7.428876413874418994e+00
5.108972752110072513e+00
6.503300888703056337e+00
3.501972750604003259e+00
6.220418288704214760e+00
5.316307507507545438e+00
4.611686103672462345e+00
1.067654011368117217e+01
5.421396832622790818e+00
4.601103102013625268e+00
1.084579271858894423e+01
6.188502600752434191e+00
4.206658770415111270e+00
