6.859746560632192569e+00
5.213826429688430686e+00
4.464911687580760180e+00
6.050119705070184040e+00
4.275402369402322655e+00
1.052798042357593467e+01
5.147844440982696668e+00
6.696530215802406261e+00
5.776825365782958244e+00
1.363654394292225902e+01
2.868866073777197911e+01
8.609319386061132562e+00
6.911504482184886555e+00
4.576349011348217921e+00
5.099074837183450448e+00
5.386940734217044557e+00
3.980845135461165807e+00
4.820099148918836285e+00
6.785989219448111953e+00
9.075546380302888849e+00
7.313469081833657626e+00
5.759719329183478287e+00
9.383054060463003054e+00
1.130002663270190943e+01
3.304469275296333830e+00
3.444745872206247395e+00
2.980875128678772690e+00
2.296318743621425185e+01
7.212515887726253183e+00
9.829510409657453707e+00
4.174001498321755044e+00
4.039713754515796396e+00
7.017631554518053427e+00
7.690503279104617285e+00
5.950713780507783213e+00
1.561037310777231646e+01
6.747517143291926978e+00
4.143026155199486915e+00
5.314580913759280989e+00
5.993140963897838347e+00
1.043189955565567750e+01
5.017007560997551074e+00
6.210581292967679801e+00
4.503516392350896957e+00
3.803236457615470911e+00
1.630890520981809644e+01
4.560760829294987495e+00
5.968077891227839160e+00
1.536809714915208858e+01
3.953229761421783728e+00
