8.049933962159002476e+00
4.656531254367992645e+00
1.499973340715972192e+01
4.920763825814736592e+00
5.288418020981541900e+00
4.739828077836172326e+00
4.116179697410830229e+00
4.689893355032641153e+00
6.798876871717602022e+00
6.123198487175231186e+00
5.128755406381382720e+00
2.789104335972022142e+01
4.154262055760074013e+00
4.218893872278441926e+00
8.862043945105865461e+00
5.185989365774180015e+00
4.505075728946882130e+00
7.084376251084800735e+00
5.682672479683399835e+00
4.154329613674993205e+00
5.335604287400144585e+00
6.926408496629342437e+00
4.307060210550503143e+00
7.083319752325179408e+00
5.507863801548269045e+00
7.409472172714107074e+00
9.294106863108396510e+00
2.267348713029825191e+01
4.059922279093704844e+00
2.634873621114861209e+01
3.548846328241985759e+00
7.839630856862832786e+00
1.326763908579912332e+01
6.162143517653330349e+00
6.781141570762726722e+00
2.818535567914969953e+00
6.839338962108084452e+00
4.818061683932678640e+00
1.324804886866040121e+01
5.475202087507438975e+00
3.354078662226687602e+00
7.665246225643198130e+00
5.729449860894593627e+00
5.392779639210869647e+01
7.171083488646733173e+00
6.864314363022823606e+00
2.089235254520285778e+01
4.778161449782500014e+00
4.587931276075742915e+00
6.774798818408324763e+00
