4.339874619547535950e+00
6.303399949620343001e+00
3.571501032451929181e+00
1.039144969263284501e+01
3.883586623332371701e+00
6.538357579149018051e+00
8.241691278775283180e+00
7.794406430294076316e+00
9.546413055458351948e+00
3.743093121880728802e+01
4.846680148867474891e+00
1.345311932846849423e+01
7.031958037152661767e+00
3.980650057004378350e+00
1.527173277044702715e+01
7.368675654695088895e+00
4.739817181554999870e+00
5.763627322730669356e+00
5.489463389630619083e+00
9.298083438952756907e+00
5.131275370499882804e+00
2.365380663576329567e+01
7.926513122080805829e+00
1.297345294731265675e+01
8.484958529158880935e+00
3.925272479002497761e+00
7.246243699014872419e+00
3.735120058699652912e+00
1.246242252460872457e+01
6.304900019172111847e+00
9.766670082953414322e+00
7.685761869885276099e+00
5.144135960028705767e+00
1.010255587910927844e+01
1.306696994828228675e+01
6.615115225323393133e+00
7.845618994845263039e+00
4.353701223574408630e+01
4.065100537228389932e+00
4.229056298104444167e+00
9.152929821178595660e+00
5.285253398201953168e+00
1.123790776226125843e+01
6.377882420954717801e+00
5.364095891398236837e+00
4.748721480232390491e+00
3.998292805454429111e+00
1.107812764171892361e+01
4.668566737787644527e+00
5.655666638849567107e+00
